beta,varbeta,snp,pos,type,N,MAF,pval
20.989190398421957,1.6276692593366255,rs4792636,15529969,cc,343,0.08746355685131195,3.2678740608482846e-45
23.05613039093521,3.305350444015842,rs3785635,15551871,cc,343,0.037900874635568516,1.8012745640397633e-30
23.05613039093521,3.305350444015842,rs7223394,15552903,cc,343,0.037900874635568516,1.8012745640397633e-30
22.22718090249459,2.132690461396728,rs8066692,15554278,cc,343,0.05830903790087463,2.62362030144934e-40
22.577082411221905,3.0548193075020733,rs4792642,15554504,cc,343,0.043731778425655975,2.314487279808498e-31
26.785904297161213,22.827613689226713,rs2074890,15554561,cc,343,0.09037900874635568,4.264043582917309e-08
23.091514504568394,3.270202820437644,rs7213827,15558557,cc,343,0.037900874635568516,8.419264907629449e-31
22.196992959844586,2.153250215339722,rs4792644,15560005,cc,343,0.05830903790087463,6.142745216290242e-40
23.103744929234598,3.238555034000257,rs10521309,15562320,cc,343,0.037900874635568516,4.615555597964865e-31
22.1289780839026,2.212922746506073,rs7222483,15563393,cc,343,0.05830903790087463,6.014633337449565e-39
22.21728131861958,2.117491823891995,rs1476728,15564546,cc,343,0.05830903790087463,1.6981867835857441e-40
24.597039678432466,108.6154070785722,rs7213845,15565258,cc,343,0.02040816326530612,0.01882921561389442
26.890400760021926,36.52025029415305,rs1563011,15565952,cc,343,0.05830903790087463,1.1649454991990097e-05
26.890400760021926,36.52025029415305,rs2159084,15566229,cc,343,0.05830903790087463,1.1649454991990097e-05
21.012269267656677,2.1129450460292003,rs163369,15569108,cc,343,0.06997084548104957,2.693907240643339e-37
24.68044269672835,4.767165312997639,rs163368,15569975,cc,343,0.014577259475218658,2.1843199841694245e-25
20.88926565959621,2.0982867276889507,rs498213,15572147,cc,343,0.0728862973760933,3.6767816748953213e-37
27.88457545472449,52.91869076788546,rs3901067,15576592,cc,343,0.04081632653061224,0.00015053770011380513
23.064221733162277,3.0714596235348064,rs163382,15583977,cc,343,0.03498542274052478,2.75632598591322e-32
18.373120990394963,0.6569724079674217,rs10221188,15587575,cc,343,0.21574344023323616,4.215330633590726e-70
18.25633448385075,0.5864491666578705,rs17776733,15592762,cc,343,0.239067055393586,1.076507603314136e-74
26.252168257031887,13.135672045908002,rs9915827,15610167,cc,343,0.14868804664723032,2.921631760746839e-12
20.250747182216784,1.034109874041929,rs3760299,15611495,cc,343,0.12244897959183673,3.912566152108246e-59
19.997969809753762,1.2914467442171025,rs3865263,15618620,cc,343,0.119533527696793,8.219102190927222e-50
20.599103901967815,2.118816123988857,rs3865264,15618623,cc,343,0.07580174927113703,4.1416515027577654e-36
19.034599708834115,0.9167888194699403,rs9905520,15621217,cc,343,0.17201166180758018,5.372373132825968e-59
18.83222524771052,0.7896968858027773,rs12600853,15627329,cc,343,0.18658892128279883,3.002716999015514e-64
26.465116554186253,68.19669291233528,rs8069776,15628792,cc,343,0.03206997084548105,0.0014791650482723813
19.600640470203736,0.9994297135638932,rs11650318,15644506,cc,343,0.13994169096209913,6.739728018951087e-58
19.600640470203736,0.9994297135638932,rs17855672,15645289,cc,343,0.13994169096209913,6.739728018951087e-58
23.44214391923667,2.547428792178845,rs2240593,15647723,cc,343,0.04081632653061224,3.311604599751432e-38
19.600640470203736,0.9994297135638932,rs11652541,15651231,cc,343,0.13994169096209913,6.739728018951087e-58
19.629959188663374,1.0746879888950858,rs11658095,15655798,cc,343,0.13994169096209913,3.362361139166265e-55
19.57957667978713,1.0495457002682358,rs7217219,15659327,cc,343,0.14285714285714285,6.562744666715941e-56
24.883552233491308,18.00209397017393,rs1971159,15677884,cc,343,0.0058309037900874635,1.0609346851320456e-08
20.78228287734689,1.26225949723765,rs2324027,15679601,cc,343,0.09912536443148688,1.9479713334668531e-53
24.81704620956132,12.778243329836759,rs4792677,15688147,cc,343,0.0058309037900874635,1.9450014397857208e-11
24.81704620956132,12.778243329836759,rs508959,15688491,cc,343,0.0058309037900874635,1.9450014397857208e-11
21.982516053371164,2.5906250908949398,rs11078316,15704944,cc,343,0.04956268221574344,3.403664936259097e-34
21.57982547931021,2.3531981076734914,rs11871088,15730742,cc,343,0.05830903790087463,8.786262552272309e-36
21.57982547931021,2.3531981076734914,rs481648,15731923,cc,343,0.05830903790087463,8.786262552272309e-36
21.737258936172626,2.4060982994613913,rs4791642,15734795,cc,343,0.05539358600583091,1.4248185493370047e-35
21.92120457421791,2.458370512803452,rs3925260,15737924,cc,343,0.052478134110787174,1.904889828636102e-35
20.900117292129135,1.5223691826962673,rs4349188,15742180,cc,343,0.09037900874635568,3.6381602265303146e-47
26.448288598932464,22.880165441285946,rs9303132,15753906,cc,343,0.0029154518950437317,6.393867822118255e-08
20.417641563767926,1.580658117778875,rs578065,15764507,cc,343,0.09912536443148688,2.297557985713436e-44
20.93629961697276,2.198928225936877,rs2586557,15767040,cc,343,0.06997084548104957,5.5569881913256316e-36
21.106705218829795,2.2256591222073507,rs3744330,15774355,cc,343,0.06705539358600583,4.277656506750989e-36
20.93629961697276,2.198928225936877,rs11658871,15784129,cc,343,0.06997084548104957,5.5569881913256316e-36
21.106705218829795,2.2256591222073507,rs8079686,15785137,cc,343,0.06705539358600583,4.277656506750989e-36
19.675530414794892,0.9908291572442145,rs9903817,15786573,cc,343,0.14285714285714285,1.5316487536885731e-58
27.391364341683303,19.88306981246776,rs12945204,15799536,cc,343,0.0029154518950437317,2.2515792162067135e-09
20.387477334279513,1.5944374934329,rs859235,15800563,cc,343,0.09912536443148688,5.466495473093275e-44
27.492635982571073,21.204811179761066,rs7208308,15807280,cc,343,0.0029154518950437317,5.9283113644834265e-09
21.525590290632056,2.4143976952484265,rs859253,15815050,cc,343,0.05830903790087463,5.967186781850654e-35
22.496081700605075,3.7766549780461998,rs12603728,15826088,cc,343,0.03206997084548105,2.2609496563076843e-26
22.330807757561196,3.8343206502312324,rs9907878,15834536,cc,343,0.03206997084548105,9.49131609995828e-26
21.01856199556153,2.691190014629132,rs2779188,15840494,cc,343,0.061224489795918366,5.782199177729647e-31
28.702827925545748,49.1038206839856,rs11657647,15843560,cc,343,0.043731778425655975,5.250706033975519e-05
25.693062461645177,255.63351334963426,rs2779195,15847441,cc,343,0.008746355685131196,0.10898441062426874
23.789275779411263,5.123227810410537,rs758857,15854257,cc,343,0.023323615160349854,1.4146369244484505e-22
22.701469633838865,3.065246181443933,rs2535609,15856740,cc,343,0.03498542274052478,1.5075827564364351e-31
24.170811548121016,21.017941917980387,rs16959491,15868824,cc,343,0.0029154518950437317,2.393564144679929e-07
24.170811548121016,21.017941917980387,rs17715109,15869557,cc,343,0.0029154518950437317,2.393564144679929e-07
24.170811548121016,21.017941917980387,rs8079763,15872975,cc,343,0.0029154518950437317,2.393564144679929e-07
24.170811548121016,21.017941917980387,rs1076423,15873150,cc,343,0.0029154518950437317,2.393564144679929e-07
18.4346489491294,0.5962262176026206,rs2015353,15873275,cc,343,0.2303206997084548,7.888500373428104e-75
24.170811548121016,21.017941917980387,rs1076424,15873317,cc,343,0.0029154518950437317,2.393564144679929e-07
18.46610847560725,0.5895671497849303,rs2779211,15875935,cc,343,0.2303206997084548,1.6381979245017004e-75
19.778280654672038,0.7454182025752025,rs1045599,15879910,cc,343,0.1661807580174927,4.77333952561453e-71
18.451703156609497,0.594386838941816,rs10491104,15884561,cc,343,0.2303206997084548,4.646589469364504e-75
19.526496241142404,0.7605983806357173,rs8070859,15887789,cc,343,0.17201166180758018,5.280481744840289e-69
19.526496241142404,0.7605983806357173,rs11869563,15888308,cc,343,0.17201166180758018,5.280481744840289e-69
31.41147840139552,151.6532047929192,rs7211756,15899675,cc,343,0.014577259475218658,0.01118520293728361
18.429012488884467,0.5968337631060653,rs758853,15903602,cc,343,0.2303206997084548,9.39207949778765e-75
18.429012488884467,0.5968337631060653,rs3760298,15905190,cc,343,0.2303206997084548,9.39207949778765e-75
32.96252091625688,189.9958142778362,rs8072652,15905596,cc,343,0.011661807580174927,0.01732514231881612
19.560040324269767,0.7522236153274652,rs2302415,15906391,cc,343,0.17201166180758018,1.200070765208428e-69
25.086864168974024,19.62343712920132,rs8077373,15906553,cc,343,0.0029154518950437317,3.152963936134154e-08
25.086864168974024,19.62343712920132,rs6502483,15906886,cc,343,0.0029154518950437317,3.152963936134154e-08
18.429012488884467,0.5968337631060653,rs2041460,15906912,cc,343,0.2303206997084548,9.39207949778765e-75
24.897424892717396,21.60236459198813,rs7213125,15908772,cc,343,0.0029154518950437317,1.5590858270554177e-07
18.451118463564363,0.6109769514840493,rs3826360,15910286,cc,343,0.22740524781341107,8.826604307229438e-74
19.54702174639511,0.7582533405810542,rs9891938,15915072,cc,343,0.17201166180758018,3.1109979413613946e-69
24.897424892717396,21.60236459198813,rs8074888,15917905,cc,343,0.0029154518950437317,1.5590858270554177e-07
19.524720571390993,0.7653643080565098,rs11869450,15923709,cc,343,0.17201166180758018,1.0154374745924556e-68
18.451118463564363,0.6109769514840493,rs3785633,15925734,cc,343,0.22740524781341107,8.826604307229438e-74
19.524720571390993,0.7653643080565098,rs4792715,15927223,cc,343,0.17201166180758018,1.0154374745924556e-68
28.27807638328367,67.90649639270906,rs11078324,15928222,cc,343,0.03206997084548105,0.0006736104706712365
18.294024782280363,0.608063698025298,rs2301652,15928584,cc,343,0.23323615160349853,3.2545919511198525e-73
18.51808301624019,0.6138204540338446,rs2157992,15928885,cc,343,0.22448979591836735,6.695293469094281e-74
23.784997854987807,24.990353650615756,rs3744328,15930882,cc,343,0.0029154518950437317,2.8900459449412214e-06
18.429739950627862,0.6166291060049316,rs9890012,15932627,cc,343,0.22740524781341107,2.99257967270842e-73
18.451118463564363,0.6109769514840493,rs8076864,15936270,cc,343,0.22740524781341107,8.826604307229438e-74
19.282530114673115,0.739511915502281,rs6502488,15937487,cc,343,0.1836734693877551,3.9016291977506967e-69
18.429739950627862,0.6166291060049316,rs9908031,15938690,cc,343,0.22740524781341107,2.99257967270842e-73
19.282530114673115,0.739511915502281,rs1075901,15943910,cc,343,0.1836734693877551,3.9016291977506967e-69
19.973335145291344,0.9621518265978234,rs3785632,15945608,cc,343,0.14285714285714285,6.22096415414177e-61
18.488360194774202,0.6069544657085362,rs3785631,15945946,cc,343,0.22740524781341107,2.8469224550209637e-74
19.282530114673115,0.739511915502281,rs4435297,15947217,cc,343,0.1836734693877551,3.9016291977506967e-69
18.451118463564363,0.6109769514840493,rs1079533,15950198,cc,343,0.22740524781341107,8.826604307229438e-74
23.784997854987807,24.990353650615756,rs8067494,15950751,cc,343,0.0029154518950437317,2.8900459449412214e-06
18.451118463564363,0.6109769514840493,rs11651290,15951471,cc,343,0.22740524781341107,8.826604307229438e-74
18.451118463564363,0.6109769514840493,rs3815039,15952588,cc,343,0.22740524781341107,8.826604307229438e-74
19.524720571390993,0.7653643080565098,rs4792718,15954692,cc,343,0.17201166180758018,1.0154374745924556e-68
23.833470597530667,24.095453747660592,rs3760296,15959279,cc,343,0.0029154518950437317,1.831434578321642e-06
23.47316914393653,5.107972872153964,rs11657857,15959537,cc,343,0.02040816326530612,3.8160093616726987e-22
19.30477132825427,0.7326942372376337,rs2157991,15961951,cc,343,0.1836734693877551,1.1961085517922876e-69
23.784997854987807,24.990353650615756,rs1073093,15963063,cc,343,0.0029154518950437317,2.8900459449412214e-06
19.539847376363063,0.75907329281053,rs2285583,15968143,cc,343,0.17201166180758018,3.7438759508513236e-69
18.451118463564363,0.6109769514840493,rs3815038,15968549,cc,343,0.22740524781341107,8.826604307229438e-74
19.282530114673115,0.739511915502281,rs3785628,15970682,cc,343,0.1836734693877551,3.9016291977506967e-69
18.451118463564363,0.6109769514840493,rs9891379,15976558,cc,343,0.22740524781341107,8.826604307229438e-74
19.30477132825427,0.7326942372376337,rs9896441,15977043,cc,343,0.1836734693877551,1.1961085517922876e-69
18.451118463564363,0.6109769514840493,rs9898313,15977132,cc,343,0.22740524781341107,8.826604307229438e-74
23.784997854987807,24.990353650615756,rs3760295,15978663,cc,343,0.0029154518950437317,2.8900459449412214e-06
19.30477132825427,0.7326942372376337,rs7223346,15981874,cc,343,0.1836734693877551,1.1961085517922876e-69
18.451118463564363,0.6109769514840493,rs2051736,15990013,cc,343,0.22740524781341107,8.826604307229438e-74
19.524720571390993,0.7653643080565098,rs8081667,15991568,cc,343,0.17201166180758018,1.0154374745924556e-68
19.282530114673115,0.739511915502281,rs2078050,15994888,cc,343,0.1836734693877551,3.9016291977506967e-69
19.403640887324194,0.7432507703178145,rs7207463,16004259,cc,343,0.17784256559766765,1.8176665842726892e-69
18.410263527311002,0.5955886675856804,rs7207889,16004368,cc,343,0.2303206997084548,9.33938076751789e-75
19.37823297366331,0.7549767153013242,rs2285580,16005187,cc,343,0.17784256559766765,1.1702120743158876e-68
19.396791987279663,0.8364654681512104,rs4792721,16006827,cc,343,0.16909620991253643,2.5847097928477864e-64
19.359571824910734,0.7438548882642043,rs4566208,16010920,cc,343,0.18075801749271136,3.143027541137815e-69
18.410263527311002,0.5955886675856804,rs12150017,16024094,cc,343,0.2303206997084548,9.33938076751789e-75
19.381788530013267,0.736968274956396,rs11870608,16025670,cc,343,0.18075801749271136,9.598666523396826e-70
18.410263527311002,0.5955886675856804,rs10852833,16027361,cc,343,0.2303206997084548,9.33938076751789e-75
23.70780490190791,21.08276097537178,rs4792723,16032006,cc,343,0.0029154518950437317,4.1262576486500153e-07
18.410263527311002,0.5955886675856804,rs7216834,16032765,cc,343,0.2303206997084548,9.33938076751789e-75
19.381788530013267,0.736968274956396,rs2324141,16033443,cc,343,0.18075801749271136,9.598666523396826e-70
18.410263527311002,0.5955886675856804,rs9902141,16034773,cc,343,0.2303206997084548,9.33938076751789e-75
19.38488755505626,0.7322677712808726,rs9897388,16037626,cc,343,0.18075801749271136,4.815434157115558e-70
19.359571824910734,0.7438548882642043,rs2324142,16041306,cc,343,0.18075801749271136,3.143027541137815e-69
18.410263527311002,0.5955886675856804,rs1989856,16043651,cc,343,0.2303206997084548,9.33938076751789e-75
19.381788530013267,0.736968274956396,rs8079969,16051444,cc,343,0.18075801749271136,9.598666523396826e-70
18.432032095766424,0.5899923255750248,rs9903464,16052381,cc,343,0.2303206997084548,2.6338719198744993e-75
18.410263527311002,0.5955886675856804,rs178659,16056442,cc,343,0.2303206997084548,9.33938076751789e-75
18.410263527311002,0.5955886675856804,rs178657,16057933,cc,343,0.2303206997084548,9.33938076751789e-75
23.784997854987807,24.990353650615756,rs16959544,16058348,cc,343,0.0029154518950437317,2.8900459449412214e-06
18.55185916477898,0.5673597809937341,rs178837,16076898,cc,343,0.2303206997084548,9.262246684772592e-78
19.359571824910734,0.7438548882642043,rs178833,16078836,cc,343,0.18075801749271136,3.143027541137815e-69
23.784997854987807,24.990353650615756,rs7220699,16080210,cc,343,0.0029154518950437317,2.8900459449412214e-06
23.784997854987807,24.990353650615756,rs8077949,16080613,cc,343,0.0029154518950437317,2.8900459449412214e-06
19.60580902646441,0.7699101598093961,rs178831,16080849,cc,343,0.16909620991253643,7.983033913410772e-69
18.57931963305574,0.5708148169517281,rs178830,16081958,cc,343,0.22740524781341107,1.3023031760818662e-77
23.784997854987807,24.990353650615756,rs6502495,16082668,cc,343,0.0029154518950437317,2.8900459449412214e-06
19.359571824910734,0.7438548882642043,rs178821,16088135,cc,343,0.18075801749271136,3.143027541137815e-69
18.410263527311002,0.5955886675856804,rs178820,16090785,cc,343,0.2303206997084548,9.33938076751789e-75
18.410263527311002,0.5955886675856804,rs178816,16092902,cc,343,0.2303206997084548,9.33938076751789e-75
19.381788530013267,0.736968274956396,rs178815,16092929,cc,343,0.18075801749271136,9.598666523396826e-70
23.784997854987807,24.990353650615756,rs6502496,16094710,cc,343,0.0029154518950437317,2.8900459449412214e-06
19.381788530013267,0.736968274956396,rs178810,16097430,cc,343,0.18075801749271136,9.598666523396826e-70
35.79112802650618,189.42716790282134,rs9897073,16109675,cc,343,0.011661807580174927,0.009713150423163437
18.410263527311002,0.5955886675856804,rs178798,16117359,cc,343,0.2303206997084548,9.33938076751789e-75
18.36249598426972,0.5877990198752311,rs178797,16119054,cc,343,0.23323615160349853,3.976076296681244e-75
18.36249598426972,0.5877990198752311,rs178795,16123873,cc,343,0.23323615160349853,3.976076296681244e-75
18.36249598426972,0.5877990198752311,rs178791,16127206,cc,343,0.23323615160349853,3.976076296681244e-75
18.36249598426972,0.5877990198752311,rs178789,16131196,cc,343,0.23323615160349853,3.976076296681244e-75
18.783216543629493,0.5485396540931722,rs178787,16133044,cc,343,0.22448979591836735,1.4252841701609447e-80
23.47316914393653,5.107972872153964,rs28622079,16135136,cc,343,0.02040816326530612,3.8160093616726987e-22
18.356806719430928,0.6764021942912372,rs12936233,16138257,cc,343,0.21282798833819241,9.94791542118858e-69
18.356806719430928,0.6764021942912372,rs12945855,16139149,cc,343,0.21282798833819241,9.94791542118858e-69
18.724139201835023,0.5453836694637522,rs4470185,16143709,cc,343,0.22740524781341107,1.512342223702026e-80
18.703795687636955,0.5508086270315323,rs12946619,16146659,cc,343,0.22740524781341107,5.814599231195652e-80
20.299031715800613,1.1726847618353382,rs7210224,16147821,cc,343,0.12244897959183673,1.967992708038281e-54
23.421347010612287,5.174017711923302,rs4791664,16151670,cc,343,0.02040816326530612,7.76002674294981e-22
18.404318387812843,0.6857134622812419,rs1029809,16156235,cc,343,0.2099125364431487,2.3562572259466356e-68
18.404318387812843,0.6857134622812419,rs11650427,16158774,cc,343,0.2099125364431487,2.3562572259466356e-68
18.864107755336256,0.600022886796619,rs8073259,16164557,cc,343,0.21282798833819241,1.088947087895701e-76
29.068935372566933,107.9136859009345,rs35319034,16164851,cc,343,0.02040816326530612,0.005428744761923404
18.90846323030305,0.5813089796868595,rs2014604,16176883,cc,343,0.21282798833819241,2.0375780894536873e-78
18.432370598532387,0.6197062602118973,rs2109262,16184629,cc,343,0.21865889212827988,4.9117100490451036e-73
18.432370598532387,0.6197062602118973,rs3785626,16185248,cc,343,0.21865889212827988,4.9117100490451036e-73
18.533513856612007,0.6609226786368236,rs12938397,16186100,cc,343,0.20699708454810495,1.3028661105017269e-70
18.432370598532387,0.6197062602118973,rs4792728,16186815,cc,343,0.21865889212827988,4.9117100490451036e-73
18.90846323030305,0.5813089796868595,rs4791665,16196056,cc,343,0.21282798833819241,2.0375780894536873e-78
18.45318433541955,0.6141007508318176,rs11868284,16196275,cc,343,0.21865889212827988,1.4803613244151785e-73
25.108822458545617,5.961531735852001,rs17779879,16196996,cc,343,0.011661807580174927,8.605650158976319e-22
18.90846323030305,0.5813089796868595,rs3785623,16201160,cc,343,0.21282798833819241,2.0375780894536873e-78
18.398015084212155,0.6100467585443736,rs4792731,16201941,cc,343,0.22157434402332363,1.3840160258860928e-73
18.396665255557256,0.6101919822691407,rs11654658,16207455,cc,343,0.22157434402332363,1.4416155815857777e-73
19.05640188936188,0.5927532435242633,rs3112511,16207526,cc,343,0.20699708454810495,3.1321007514572895e-78
19.10810738407944,0.5976810648114391,rs3112513,16208812,cc,343,0.20408163265306123,4.2882976524254975e-78
26.86515397524625,62.28059139749866,rs11078338,16210192,cc,343,0.03498542274052478,0.0007424495498411158
18.45318433541955,0.6141007508318176,rs9944524,16212650,cc,343,0.21865889212827988,1.4803613244151785e-73
18.43486697654871,0.6194371533072035,rs11656811,16214254,cc,343,0.21865889212827988,4.559510506855018e-73
20.5450880154897,191.9385837035393,rs3112515,16218025,cc,343,0.011661807580174927,0.13900827306570265
18.85128918418914,0.5740372016613541,rs3785621,16218846,cc,343,0.21574344023323616,9.920253220331679e-79
23.728964748860378,20.43050569681332,rs1005380,16219792,cc,343,0.0029154518950437317,2.680379090432104e-07
19.03198389884713,0.5990232756569128,rs9890539,16221319,cc,343,0.20408163265306123,1.315475399072244e-77
23.543287891666033,25.97539324767149,rs7209811,16223129,cc,343,0.0029154518950437317,5.457684338638495e-06
18.495142306252735,0.59297217665857,rs12948905,16224875,cc,343,0.22157434402332363,2.170892635439349e-75
18.55376933464319,0.5965371455954855,rs15739,16229232,cc,343,0.21865889212827988,2.0939233394640944e-75
23.543287891666033,25.97539324767149,rs2302314,16229298,cc,343,0.0029154518950437317,5.457684338638495e-06
18.80369333944123,0.6422633222702461,rs1476810,16233217,cc,343,0.20408163265306123,3.173470269134919e-73
23.543287891666033,25.97539324767149,rs7210068,16235680,cc,343,0.0029154518950437317,5.457684338638495e-06
18.96550920980176,0.5715740836727297,rs4792735,16236388,cc,343,0.2099125364431487,1.6193725043644426e-79
18.6501665320734,0.613107161516946,rs11650283,16239832,cc,343,0.21282798833819241,1.3004574030543743e-74
18.866831480428598,0.606718271117412,rs3112518,16243508,cc,343,0.21282798833819241,3.515072708542854e-76
18.866831480428598,0.606718271117412,rs3112521,16244657,cc,343,0.21282798833819241,3.515072708542854e-76
18.866831480428598,0.606718271117412,rs3112524,16245778,cc,343,0.21282798833819241,3.515072708542854e-76
18.519464840820202,0.5212077813048787,rs7477,16246016,cc,343,0.239067055393586,1.0991174597460542e-81
18.866831480428598,0.606718271117412,rs917609,16246608,cc,343,0.21282798833819241,3.515072708542854e-76
18.866831480428598,0.606718271117412,rs3112526,16247100,cc,343,0.21282798833819241,3.515072708542854e-76
18.866831480428598,0.606718271117412,rs3112527,16248906,cc,343,0.21282798833819241,3.515072708542854e-76
21.175747981611572,46.982051942874115,rs3095172,16256240,cc,343,0.0029154518950437317,0.0021700208253980693
21.175747981611572,46.982051942874115,rs3095168,16260198,cc,343,0.0029154518950437317,0.0021700208253980693
21.175747981611572,46.982051942874115,rs7213799,16264021,cc,343,0.0029154518950437317,0.0021700208253980693
21.175747981611572,46.982051942874115,rs7223745,16269454,cc,343,0.0029154518950437317,0.0021700208253980693
21.38596797031886,63.05362318722434,rs28610260,16274687,cc,343,0.0029154518950437317,0.007424916919231442
35.44764103558302,150.86415719167297,rs16959630,16277578,cc,343,0.014577259475218658,0.004149704858800118
26.95455774845341,13.64479795234382,rs872300,16277776,cc,343,0.14285714285714285,2.0702306460672265e-12
22.311275372608538,3.7653512679261123,rs1006957,16282238,cc,343,0.037900874635568516,4.3374843603670166e-26
21.70002769633806,2.6686287236540105,rs11574935,16286908,cc,343,0.05539358600583091,9.315298966118508e-33
27.888045633120676,32.84822396458374,rs11658826,16291752,cc,343,0.0641399416909621,1.7424097913723935e-06
26.411039544802797,152.49863744065078,rs7502082,16306101,cc,343,0.014577259475218658,0.033166875487509864
21.031281065270655,1.847702995222759,rs7222297,16313614,cc,343,0.08163265306122448,2.6332452408609737e-41
20.966480509398426,1.7687548126586194,rs7217735,16315919,cc,343,0.08454810495626822,1.805407896787717e-42
19.889252541599163,1.3439451330804366,rs3813769,16318932,cc,343,0.12244897959183673,4.871890269619799e-48
19.529816576277373,1.1708237523155793,rs8079271,16322364,cc,343,0.13994169096209913,1.2500898754766908e-51
18.503166773541217,1.0007170055903976,rs8121,16325968,cc,343,0.17784256559766765,1.9700264527171678e-53
18.503166773541217,1.0007170055903976,rs1129235,16326005,cc,343,0.17784256559766765,1.9700264527171678e-53
19.972438269382017,1.2332927931793443,rs8079010,16328955,cc,343,0.12244897959183673,2.2729826634086333e-51
18.664095693672518,1.0148350816322247,rs7222754,16329745,cc,343,0.17201166180758018,1.4827907385441373e-53
18.664095693672518,1.0148350816322247,rs7223205,16329815,cc,343,0.17201166180758018,1.4827907385441373e-53
18.687413165480564,1.0069514631492853,rs4792742,16331820,cc,343,0.17201166180758018,6.109274703605879e-54
20.12378389833989,1.22302455147879,rs12602006,16337288,cc,343,0.119533527696793,3.1777945957840306e-52
19.456573736722493,1.145848476235863,rs7214366,16340316,cc,343,0.13994169096209913,3.842734875446029e-52
19.35820869400458,1.137479808537327,rs7215836,16340405,cc,343,0.14285714285714285,4.867295045960569e-52
21.99891524202461,1.8315364929254805,rs17552310,16341867,cc,343,0.0641399416909621,1.997198601284248e-44
19.456573736722493,1.145848476235863,rs4072454,16342813,cc,343,0.13994169096209913,3.842734875446029e-52
22.009946554969723,1.816532866664485,rs11871958,16342833,cc,343,0.0641399416909621,9.995927896696878e-45
19.456573736722493,1.145848476235863,rs3935801,16343770,cc,343,0.13994169096209913,3.842734875446029e-52
19.952214462092428,1.1845970555289012,rs4617905,16344600,cc,343,0.12536443148688048,9.074480744123127e-53
23.695125654489118,5.07736085425287,rs4570894,16346181,cc,343,0.02040816326530612,1.3527321261271183e-22
19.952214462092428,1.1845970555289012,rs1141283,16346757,cc,343,0.12536443148688048,9.074480744123127e-53
19.456573736722493,1.145848476235863,rs4792745,16346932,cc,343,0.13994169096209913,3.842734875446029e-52
21.912019789080933,1.884139373298324,rs11871929,16351856,cc,343,0.0641399416909621,2.921756632305854e-43
22.067003739740898,1.9211453126149833,rs11869614,16355043,cc,343,0.061224489795918366,4.323303756019973e-43
19.488284070692565,1.1356888239648375,rs7211315,16357399,cc,343,0.13994169096209913,1.3744064532027483e-52
19.607946929553002,1.1285580633129206,rs4792750,16359014,cc,343,0.13702623906705538,2.832384011693234e-53
19.3906685228296,1.120967534679656,rs2041287,16362598,cc,343,0.14285714285714285,1.0651388140321165e-52
19.791069077587185,1.1821011697233479,rs7215641,16368752,cc,343,0.1282798833819242,2.9980026748298516e-52
19.189817950557348,0.9513090591780673,rs566401,16369975,cc,343,0.16034985422740525,3.573840177944466e-58
20.470239662958654,2.0768630791435556,rs597985,16370773,cc,343,0.08163265306122448,2.578803459513921e-36
25.93032655852953,11.832028106125088,rs11655230,16371357,cc,343,0.0029154518950437317,4.312075564770119e-13
18.248702376911318,0.7133701809716797,rs4792752,16375112,cc,343,0.21282798833819241,6.743347497065633e-66
18.41965066571106,0.7720780170991693,rs7216088,16377189,cc,343,0.20116618075801748,2.4646045074444464e-63
18.40522164253871,0.7776685855915674,rs1558241,16378439,cc,343,0.20116618075801748,5.736330669117495e-63
23.89533799702388,2.822837455087588,rs2159340,16384063,cc,343,0.03206997084548105,2.1931519822431088e-36
26.72134330667584,6.311009654407626,rs11870465,16384341,cc,343,0.0058309037900874635,5.113746692340008e-23
23.871577161369206,18.146359980658406,rs16959749,16386095,cc,343,0.0058309037900874635,4.319598431567877e-08
23.84452657160662,4.671073925965008,rs12453841,16386845,cc,343,0.023323615160349854,2.0434024131722333e-24
22.093747902768804,2.475189219494074,rs11078349,16389498,cc,343,0.052478134110787174,1.0930171867664618e-35
20.863881991270816,1.7221154581159006,rs11871620,16398555,cc,343,0.08454810495626822,5.288434830139706e-43
20.74247103438581,1.6911617524247475,rs8076901,16399059,cc,343,0.08746355685131195,3.296824766881789e-43
19.85037582243676,0.9138630100032628,rs673760,16401682,cc,343,0.15451895043731778,1.5244686955006204e-62
21.124255377492617,4.779404293537336,rs12602910,16402114,cc,343,0.037900874635568516,1.0933678398915282e-19
18.76830778025574,0.9615031863970911,rs608624,16404247,cc,343,0.17784256559766765,5.039583911908892e-56
20.141833716405504,1.1203026459267105,rs505162,16407478,cc,343,0.12536443148688048,1.405432537230161e-55
21.692485912007687,1.67819738549,rs571877,16411387,cc,343,0.07580174927113703,2.1826280805688513e-46
25.17000446836069,6.113464157285249,rs2981611,16413609,cc,343,0.011661807580174927,1.9560184711765863e-21
26.78202288353198,46.19589858862465,rs480100,16414457,cc,343,0.04664723032069971,9.863763767913344e-05
25.17000446836069,6.113464157285249,rs733261,16414787,cc,343,0.011661807580174927,1.9560184711765863e-21
23.117114953473333,2.7064360342145375,rs2970065,16416867,cc,343,0.04081632653061224,1.0109471068824499e-35
25.33261080003035,7.662961169124524,rs2981614,16419425,cc,343,0.008746355685131196,5.205154024482553e-18
27.343657735361965,15.37497726377986,rs1017095,16419756,cc,343,0.1282798833819242,1.6041334946088877e-11
24.79318934188192,5.291534984676652,rs11651653,16423881,cc,343,0.014577259475218658,1.6304868299828706e-23
21.79422842597134,1.341502592764361,rs11649741,16425486,cc,343,0.08454810495626822,1.0110924286773794e-54
26.1184224955773,15.566508330128226,rs7218218,16425694,cc,343,0.0029154518950437317,1.3921533659286752e-10
26.100872763415055,15.569187963594592,rs16959788,16430118,cc,343,0.0029154518950437317,1.43465782970928e-10
25.73732036636644,18.39710818762245,rs17716132,16432761,cc,343,0.0029154518950437317,5.012554815059745e-09
25.62397409264898,12.939597759843668,rs7221221,16438315,cc,343,0.0029154518950437317,6.264020602548285e-12
25.523257386865872,13.246021959824109,rs7214679,16442464,cc,343,0.0029154518950437317,1.2549439467276834e-11
28.98931813826197,21.68934639590778,rs17716244,16450583,cc,343,0.09329446064139942,1.4127858868248188e-09
25.523257386865872,13.246021959824109,rs9904252,16450762,cc,343,0.0029154518950437317,1.2549439467276834e-11
24.850658928361312,3.9179213002868356,rs553665,16453751,cc,343,0.01749271137026239,5.407604540831961e-30
25.652957187231692,16.045368824789275,rs16959820,16453907,cc,343,0.0029154518950437317,4.996688548923407e-10
25.523257386865872,13.246021959824109,rs10491106,16454911,cc,343,0.0029154518950437317,1.2549439467276834e-11
24.62005871721902,12.53673550713535,rs7224723,16456614,cc,343,0.0058309037900874635,1.817534823221381e-11
25.45946644114155,13.558547573059531,rs7217433,16465297,cc,343,0.0029154518950437317,2.317333319558788e-11
24.769990807730295,41.133275027554895,rs16959834,16471690,cc,343,0.052478134110787174,0.00013441617543504602
22.900583799036845,2.643268349619211,rs546844,16473277,cc,343,0.043731778425655975,7.473859941272749e-36
26.358643129552128,6.45959709910256,rs9915163,16474613,cc,343,0.0029154518950437317,4.299755613257734e-22
25.699652519116174,5.358334389130181,rs2351390,16479171,cc,343,0.0058309037900874635,1.1534325260142802e-24
25.323804216248917,11.447130046062206,rs7218473,16490573,cc,343,0.0029154518950437317,6.127432548592955e-13
25.623852296075384,13.230977694166553,rs34046433,16491671,cc,343,0.0058309037900874635,1.0294223523771073e-11
21.498225846629005,2.2258888716878156,rs624068,16496257,cc,343,0.0641399416909621,4.070130013581489e-37
25.363383784376097,12.167932856887468,rs8065749,16497688,cc,343,0.0029154518950437317,2.4462186511583143e-12
20.45272937446717,2.226373459258767,rs2970059,16501495,cc,343,0.07871720116618076,2.1884413419493524e-34
21.702983945814402,3.951654684626303,rs8069286,16502980,cc,343,0.037900874635568516,5.235863093324096e-24
25.460538577445195,6.786487675883119,rs2970062,16506561,cc,343,0.008746355685131196,4.662646678798726e-20
23.47422892742713,9.92147785992417,rs9911851,16507948,cc,343,0.011661807580174927,7.566113381419102e-13
21.297582044167402,3.966127592269575,rs6502514,16508900,cc,343,0.04081632653061224,3.216946792326181e-23
23.090508037391622,9.172840832119466,rs1005369,16509917,cc,343,0.014577259475218658,2.4512481351637816e-13
21.366999523045806,2.2258512407716524,rs9911518,16516245,cc,343,0.061224489795918366,8.974430407353375e-37
21.366999523045806,2.2258512407716524,rs8072900,16516749,cc,343,0.061224489795918366,8.974430407353375e-37
22.878373468724277,9.50797773569293,rs3813762,16521084,cc,343,0.014577259475218658,9.374609586485553e-13
21.296854931067966,2.1079958197899145,rs9889868,16522443,cc,343,0.0641399416909621,3.9368869836618047e-38
25.858910498225626,126.82664988292755,rs7225337,16523746,cc,343,0.01749271137026239,0.0222701178904419
22.878373468724277,9.50797773569293,rs16959869,16523910,cc,343,0.014577259475218658,9.374609586485553e-13
22.878373468724277,9.50797773569293,rs9906261,16524929,cc,343,0.014577259475218658,9.374609586485553e-13
25.858910498225626,126.82664988292755,rs11869224,16525086,cc,343,0.01749271137026239,0.0222701178904419
21.214179029635865,2.149072387153871,rs8065506,16527795,cc,343,0.0641399416909621,2.338030897030721e-37
21.297582044167402,3.966127592269575,rs9910087,16528866,cc,343,0.04081632653061224,3.216946792326181e-23
