beta,varbeta,snp,pos,type,N,MAF,pval
0.40514498190634274,0.0004953875138716489,rs3934930,143228354,cc,343,0.17201166180758018,3.002661372976206e-52
0.38466597597404056,0.0004431573963611868,rs10110636,143233312,cc,343,0.20408163265306123,1.5689421983860373e-52
0.4149229153052153,0.0008760092660616104,rs7817259,143233571,cc,343,0.10495626822157435,1.3585359394484705e-35
0.38155144465654245,0.0004013747805537524,rs10085978,143233677,cc,343,0.22157434402332363,1.2207677559774098e-55
0.4149229153052153,0.0008760092660616104,rs10090285,143234923,cc,343,0.10495626822157435,1.3585359394484705e-35
0.4882370737727953,0.0023442016298884697,rs7829436,143235878,cc,343,0.029154518950437316,4.155960458456538e-21
0.38251708069844914,0.00045196788504125454,rs13248553,143236251,cc,343,0.20408163265306123,2.105709072801117e-51
0.41662141433425537,0.0007108765084325968,rs7463731,143240263,cc,343,0.12244897959183673,6.451938467362667e-42
0.4362808141544896,0.0014140247722595521,rs11167132,143247678,cc,343,0.061224489795918366,1.8141362387999706e-26
0.40808435520438496,0.0004810647302078082,rs11781880,143247742,cc,343,0.1661807580174927,7.152671774474506e-54
0.4562707100817313,0.002779287908038843,rs11997375,143248197,cc,343,0.029154518950437316,1.9673452014057237e-16
0.4943711346538062,0.0018950552655186107,rs6583595,143249252,cc,343,0.03498542274052478,1.410591623587174e-25
0.5778266849724889,0.006906040952578912,rs7823353,143249727,cc,343,0.14285714285714285,1.8200373547544337e-11
0.4574692119734679,0.0025281826337331826,rs4976959,143251458,cc,343,0.026239067055393587,7.7163373988974e-18
0.41507770756957496,0.0007032080906065202,rs11776418,143252184,cc,343,0.12536443148688048,5.050256357360647e-42
0.4456342193763073,0.0014847457727455442,rs7845817,143257113,cc,343,0.052478134110787174,2.4724642601912743e-26
0.5461114011419921,0.006150380811462845,rs7460879,143258521,cc,343,0.0058309037900874635,1.706421764524137e-11
0.5814512490758377,0.012805486524364458,rs7828532,143259455,cc,343,0.08163265306122448,4.670770225564993e-07
0.5761923947749137,0.010064479185120311,rs7836666,143259732,cc,343,0.10204081632653061,2.0506645585553617e-08
0.47808012025757984,0.001730657761717702,rs7821413,143263609,cc,343,0.03498542274052478,4.5602810135357526e-26
0.47913300689799165,0.002147967269641605,rs3935507,143265173,cc,343,0.029154518950437316,5.584140966400719e-22
0.5151103663016132,0.004443522659944832,rs3923878,143270729,cc,343,0.0058309037900874635,1.23116477913643e-13
0.5729979784640504,0.007818006408327674,rs4976961,143270885,cc,343,0.0029154518950437317,3.1914468249632377e-10
0.5794571786470646,0.008214241741824706,rs4977008,143273372,cc,343,0.0029154518950437317,5.318735902371601e-10
0.529094359154868,0.00962019309197522,rs7465207,143274934,cc,343,0.0029154518950437317,1.286220641347261e-07
0.5794571786470646,0.008214241741824706,rs6583597,143274986,cc,343,0.0029154518950437317,5.318735902371601e-10
0.4215514400632858,0.0004201329382634011,rs9644545,143278699,cc,343,0.17201166180758018,9.485774014576103e-62
0.423181921592607,0.00045170189282217377,rs7819712,143279107,cc,343,0.1661807580174927,4.007494910495114e-59
0.5852924752882132,0.012316725482105748,rs6991330,143281514,cc,343,0.08454810495626822,2.3747176737056926e-07
0.5752183675538749,0.006914834834143098,rs4345692,143291396,cc,343,0.0029154518950437317,2.272301525036614e-11
0.4560165494613204,0.0007664510338832994,rs4976967,143293307,cc,343,0.09037900874635568,2.719450735491508e-45
0.5798814263210958,0.007063300195318041,rs11992923,143293558,cc,343,0.0029154518950437317,2.5335986388485962e-11
0.5260855968333875,0.004870641672921789,rs7463969,143294013,cc,343,0.0058309037900874635,4.319495724885544e-13
0.5797283553204866,0.007235021842635552,rs6583602,143297620,cc,343,0.0029154518950437317,4.252111223457988e-11
0.5797283553204866,0.007235021842635552,rs4327969,143300157,cc,343,0.0029154518950437317,4.252111223457988e-11
0.38785022218966825,0.0004797553652233677,rs11167134,143301529,cc,343,0.18950437317784258,2.9658067754618724e-50
0.37795236761431705,0.0003426172725782218,rs7463863,143302166,cc,343,0.2478134110787172,3.693645893113501e-61
0.5797283553204866,0.007235021842635552,rs4976952,143302361,cc,343,0.0029154518950437317,4.252111223457988e-11
0.378505679820783,0.0003474275588963322,rs6583604,143302580,cc,343,0.24489795918367346,1.0395827170804752e-60
0.5797283553204866,0.007235021842635552,rs7016042,143305232,cc,343,0.0029154518950437317,4.252111223457988e-11
0.5932377322432136,0.007553920674834162,rs11784523,143307103,cc,343,0.0029154518950437317,3.9989318280937144e-11
0.37753858515212735,0.0003698554168538898,rs10098073,143309504,cc,343,0.2303206997084548,5.3526093662174976e-58
0.4065002717235491,0.0004256187434568643,rs11167136,143310815,cc,343,0.1836734693877551,2.731936422751735e-58
0.4125470449681376,0.00047278864279447436,rs4976976,143311653,cc,343,0.16909620991253643,2.3726770285691716e-55
0.38488855740649053,0.00044067507727794486,rs4129585,143312933,cc,343,0.19825072886297376,8.829275213034445e-53
0.4055033889432242,0.0004216156416662966,rs4976980,143314904,cc,343,0.18658892128279883,1.80552169335996e-58
0.4674443774619154,0.0022871073459158685,rs7830520,143319470,cc,343,0.029154518950437316,4.629068309385265e-20
0.4069939796831612,0.0004244443908632439,rs7822538,143323109,cc,343,0.1836734693877551,1.701211320439316e-58
0.4069939796831612,0.0004244443908632439,rs6583607,143324399,cc,343,0.1836734693877551,1.701211320439316e-58
0.4065643710502193,0.0004276097130392991,rs8180914,143326402,cc,343,0.1836734693877551,4.06021363643157e-58
0.4069939796831612,0.0004244443908632439,rs4976983,143326821,cc,343,0.1836734693877551,1.701211320439316e-58
0.4069939796831612,0.0004244443908632439,rs4976985,143327271,cc,343,0.1836734693877551,1.701211320439316e-58
0.45687909685135475,0.0006857378505350735,rs12547214,143345885,cc,343,0.09912536443148688,3.3073489018109258e-49
0.4765201605662043,0.0024259134870294927,rs6583612,143347243,cc,343,0.026239067055393587,9.954817500787216e-20
0.40916169576637806,0.00044567665189192834,rs4601464,143347922,cc,343,0.17784256559766765,5.402855985681145e-57
0.4765201605662043,0.0024259134870294927,rs4976955,143350750,cc,343,0.026239067055393587,9.954817500787216e-20
0.5179905493113759,0.0014874151864269483,rs6983847,143357960,cc,343,0.043731778425655975,2.5382962650735987e-33
0.5365461418607937,0.0474373831871346,rs3923080,143359064,cc,343,0.023323615160349854,0.014251826562584568
0.4385737509020143,0.0023199189406347834,rs10086550,143363037,cc,343,0.03206997084548105,7.309567872011277e-18
0.44386523672457057,0.002372273399891986,rs4325021,143374261,cc,343,0.029154518950437316,6.908742122775039e-18
0.41198961911416,0.0005017159798493859,rs7832163,143376802,cc,343,0.16034985422740525,5.136288459313651e-53
0.3983117971290033,0.00043223700143970385,rs4350094,143378869,cc,343,0.1924198250728863,4.258056922002162e-56
0.44386523672457057,0.002372273399891986,rs12682233,143379096,cc,343,0.029154518950437316,6.908742122775039e-18
0.4428277669915256,0.002165860762658728,rs7817330,143380963,cc,343,0.03206997084548105,3.3695845469040906e-19
0.40589342304916615,0.0004766712937784923,rs7822013,143381810,cc,343,0.17201166180758018,8.205087394570883e-54
0.39714613623128325,0.0004206264590209376,rs10102944,143384314,cc,343,0.19825072886297376,6.328993199097808e-57
0.4395487187197155,0.0014157615032805216,rs4581170,143388250,cc,343,0.052478134110787174,9.28686347908964e-27
0.3912459293439844,0.0003902329514819561,rs4454410,143388290,cc,343,0.21574344023323616,1.0656979699155875e-58
0.4004616408392472,0.00042514145657504814,rs11988550,143389521,cc,343,0.1924198250728863,3.7091827766997264e-57
0.4636002407878411,0.0024863471933292414,rs12717833,143390560,cc,343,0.023323615160349854,1.7467622371985202e-18
0.42487481578075453,0.09603045326200801,rs11990344,143390615,cc,343,0.011661807580174927,0.17125522007956184
0.4548485377978192,0.0026136762041507854,rs12679140,143393705,cc,343,0.023323615160349854,3.3968241955891063e-17
0.40458655596901105,0.0004475920120662416,rs11167137,143394208,cc,343,0.18075801749271136,5.883932631930395e-56
0.454038439982074,0.00258922901251805,rs10104625,143402582,cc,343,0.023323615160349854,2.8085021455768716e-17
0.40446114599880584,0.000501957282938782,rs13266463,143403693,cc,343,0.16034985422740525,1.2069979766262934e-51
0.45388164353920435,0.0025124192310973553,rs7814338,143405289,cc,343,0.023323615160349854,1.0613681042861348e-17
0.4275075829868581,0.0007838078915430727,rs7000748,143408785,cc,343,0.10495626822157435,1.6663895037015748e-40
0.4063097654094451,0.0005231031182947123,rs7014552,143410423,cc,343,0.15451895043731778,1.7396636706716156e-50
0.4548485377978192,0.0026136762041507854,rs9969530,143410517,cc,343,0.023323615160349854,3.3968241955891063e-17
0.4304887995738899,0.0008326220479886792,rs10435683,143413136,cc,343,0.09912536443148688,4.0636425195596264e-39
0.43318774944633787,0.0008258062008781117,rs12676425,143413857,cc,343,0.09912536443148688,9.90398362978726e-40
0.4964950097289943,0.004570083392882438,rs13281023,143413955,cc,343,0.0058309037900874635,1.5267468584120588e-12
0.5696357409013193,0.003032998776134417,rs13265349,143416412,cc,343,0.011661807580174927,5.357541718861941e-22
0.5676339061862531,0.0025690809898728587,rs4427288,143417240,cc,343,0.011661807580174927,5.1974067301081585e-25
0.43261849569477756,0.000827247322086214,rs10100935,143425720,cc,343,0.09329446064139942,1.3361623621226902e-39
0.4325726288793911,0.0008273633558920175,rs4510986,143429623,cc,343,0.09329446064139942,1.3687388006382414e-39
0.4540975469019243,0.002042495103577335,rs7827142,143432825,cc,343,0.026239067055393587,5.522650173506351e-21
0.4540975469019243,0.002042495103577335,rs7463612,143433672,cc,343,0.026239067055393587,5.522650173506351e-21
0.4540975469019243,0.002042495103577335,rs7814359,143436034,cc,343,0.026239067055393587,5.522650173506351e-21
0.4504642836869932,0.00226765854299946,rs12682505,143443810,cc,343,0.023323615160349854,5.141678609275339e-19
0.4325726288793911,0.0008273633558920175,rs4419935,143447132,cc,343,0.09329446064139942,1.3687388006382414e-39
0.43736731484133434,0.0007771188805956922,rs6983488,143455701,cc,343,0.09329446064139942,3.611032169455792e-42
0.4501443653267365,0.0020171981577510123,rs7013121,143458833,cc,343,0.029154518950437316,6.7275046813075035e-21
0.5540671371886694,0.0027120228042830526,rs4576462,143467482,cc,343,0.014577259475218658,5.0069626926120476e-23
0.42745846883751437,0.0007574784610208799,rs7387891,143475927,cc,343,0.10204081632653061,1.5323837767085192e-41
0.5515803623659482,0.002250513580387786,rs6583623,143480669,cc,343,0.01749271137026239,1.4723525644201629e-26
0.5540671371886694,0.0027120228042830526,rs7357419,143482961,cc,343,0.014577259475218658,5.0069626926120476e-23
0.5516650771240446,0.0024397295082134924,rs9324586,143483444,cc,343,0.01749271137026239,6.6714459320229735e-25
0.5624148150396708,0.00246312573465399,rs4301486,143487624,cc,343,0.011661807580174927,1.7254506091725324e-25
0.5624148150396708,0.00246312573465399,rs7463430,143488068,cc,343,0.011661807580174927,1.7254506091725324e-25
0.5624148150396708,0.00246312573465399,rs4567083,143488279,cc,343,0.011661807580174927,1.7254506091725324e-25
0.5624148150396708,0.00246312573465399,rs7834984,143488613,cc,343,0.011661807580174927,1.7254506091725324e-25
0.5566161773624556,0.002772499854193784,rs10109771,143488721,cc,343,0.011661807580174927,8.6745363876848e-23
0.5624148150396708,0.00246312573465399,rs7829227,143489039,cc,343,0.011661807580174927,1.7254506091725324e-25
0.5624148150396708,0.00246312573465399,rs7386893,143490586,cc,343,0.011661807580174927,1.7254506091725324e-25
0.5624148150396708,0.00246312573465399,rs7387733,143490718,cc,343,0.011661807580174927,1.7254506091725324e-25
0.4809788866642176,0.00492114700097509,rs9324588,143491473,cc,343,0.0058309037900874635,3.311451569240632e-11
0.5629096306059169,0.0024914799719738504,rs10093425,143491547,cc,343,0.011661807580174927,2.717043091743e-25
0.5566161773624556,0.002772499854193784,rs7388168,143492736,cc,343,0.011661807580174927,8.6745363876848e-23
0.5624148150396708,0.00246312573465399,rs6583630,143497052,cc,343,0.011661807580174927,1.7254506091725324e-25
0.4489247902742467,0.0009253606275823644,rs6991885,143500243,cc,343,0.0728862973760933,1.753586242417018e-38
0.4489247902742467,0.0009253606275823644,rs9324591,143504469,cc,343,0.0728862973760933,1.753586242417018e-38
0.44511617158258987,0.0009004976415432419,rs9657473,143504670,cc,343,0.07580174927113703,8.852989691066419e-39
0.5488185890927892,0.0029816242726721062,rs9801760,143511806,cc,343,0.011661807580174927,5.390410840222036e-21
0.49514257646259774,0.0016821034645232063,rs7827372,143514434,cc,343,0.029154518950437316,3.394352391982715e-28
0.45320492005605656,0.000950567818731944,rs11776922,143514843,cc,343,0.06997084548104957,2.968971711566408e-38
0.4492059778709062,0.0009246221970789122,rs9801713,143515772,cc,343,0.0728862973760933,1.5288790611163647e-38
0.44779397901796547,0.0009107135070313986,rs12544597,143518900,cc,343,0.07580174927113703,8.437284340177227e-39
0.5526751665865253,0.005544090843717314,rs11779434,143522536,cc,343,0.0058309037900874635,9.19537223072796e-13
0.5072157400002755,0.004263769779264671,rs12682623,143535189,cc,343,0.011661807580174927,9.399375387475378e-14
0.4795999593849493,0.0025730948964264246,rs12679921,143540337,cc,343,0.023323615160349854,5.332039306987073e-19
0.46263810866040816,0.0025661789698176872,rs3934731,143541041,cc,343,0.029154518950437316,5.976900608587317e-18
0.5631896380232418,0.010432363878049222,rs13281009,143548745,cc,343,0.09912536443148688,6.926669721305387e-08
0.463974472447352,0.002435891193315078,rs6583634,143549588,cc,343,0.023323615160349854,8.020522520824133e-19
0.48586715953290793,0.001955178394190695,rs7822554,143553868,cc,343,0.029154518950437316,2.9429832482430122e-24
0.5600580577495393,0.00952158435758725,rs7815622,143554368,cc,343,0.10787172011661808,2.0939638409170903e-08
0.47053175311581874,0.002625793415534666,rs7386405,143560068,cc,343,0.01749271137026239,4.1271089689373466e-18
0.44957935948810823,0.002036437507032234,rs10875483,143565607,cc,343,0.029154518950437316,1.0746937441085946e-20
0.5038898654326005,0.002139924608747584,rs4074758,143566729,cc,343,0.026239067055393587,6.41773458732531e-24
0.5038898654326005,0.002139924608747584,rs7386480,143567370,cc,343,0.026239067055393587,6.41773458732531e-24
0.5038898654326005,0.002139924608747584,rs6583636,143567926,cc,343,0.026239067055393587,6.41773458732531e-24
0.5001908648466791,0.002007689797578705,rs6583637,143567954,cc,343,0.029154518950437316,6.98588571220813e-25
0.4012294528910521,0.0006891426944573581,rs7462966,143569216,cc,343,0.13119533527696792,1.466095171871183e-40
0.44957935948810823,0.002036437507032234,rs7825551,143570921,cc,343,0.029154518950437316,1.0746937441085946e-20
0.3993944160611923,0.0006796716499211815,rs7826002,143571188,cc,343,0.13411078717201166,1.0582967766364073e-40
0.45218918696130617,0.00202955604408782,rs7843913,143573558,cc,343,0.029154518950437316,5.990400969033785e-21
0.4364881520130083,0.0012734072247705798,rs11167147,143580886,cc,343,0.061224489795918366,8.72033032249981e-29
0.5376463791138769,0.0474339274367587,rs4977037,143584632,cc,343,0.0029154518950437317,0.01405232644867732
0.451139303682497,0.001599399261449883,rs7386358,143585398,cc,343,0.043731778425655975,2.646516131768321e-25
0.49069089491802176,0.003787055107581851,rs12546526,143587121,cc,343,0.008746355685131196,2.3333870121410115e-14
0.7139649398906244,0.021229111385807457,rs10108072,143589366,cc,343,0.04956268221574344,1.481000826777396e-06
0.44742827077801706,0.0007239079942392808,rs4977033,143593945,cc,343,0.10204081632653061,6.338930200938554e-46
0.7139649398906244,0.021229111385807457,rs34667135,143594794,cc,343,0.04956268221574344,1.481000826777396e-06
0.4449004214245909,0.0013719110737783957,rs9657474,143596497,cc,343,0.05830903790087463,5.711169521051737e-28
0.4687369710674575,0.001241624492218507,rs7462471,143603318,cc,343,0.04956268221574344,7.885153375479984e-33
0.46425441214881663,0.0012538531145747972,rs10109465,143607429,cc,343,0.052478134110787174,4.2535984906253035e-32
0.49277266012765425,0.002801196068478061,rs10283377,143608639,cc,343,0.01749271137026239,1.5829831898117055e-18
0.4165422843068148,0.0005930475242724359,rs7838992,143609913,cc,343,0.14285714285714285,7.867220294976388e-48
0.3802927190945434,0.0003637525837613426,rs7846567,143612149,cc,343,0.23323615160349853,3.088975619833565e-59
0.4402723543627921,0.0011052220598090413,rs4394435,143615524,cc,343,0.0728862973760933,1.328439387979047e-32
0.5045923340876657,0.0011213768936550854,rs4977038,143615901,cc,343,0.043731778425655975,1.0457372143941675e-39
0.48899016602944395,0.004189871022405776,rs7460047,143620400,cc,343,0.014577259475218658,3.88100326076641e-13
0.4999964287977011,0.0013455385578196133,rs13276323,143620513,cc,343,0.03206997084548105,4.322291648785672e-34
0.37084814156253937,0.0003797188040886758,rs7387853,143620570,cc,343,0.24198250728862974,1.3863120121788933e-55
0.3853392148361997,0.0003964384086062176,rs7462701,143621150,cc,343,0.21574344023323616,7.00753656006139e-57
0.8874473999812393,0.032809288339632606,rs13260319,143627550,cc,343,0.03206997084548105,1.4863145035878178e-06
0.3829820408797542,0.00038596287052521756,rs7387708,143628958,cc,343,0.22157434402332363,1.900910925213863e-57
0.3829820408797542,0.00038596287052521756,rs7387737,143629290,cc,343,0.22157434402332363,1.900910925213863e-57
0.8874473999812393,0.032809288339632606,rs35123469,143630167,cc,343,0.03206997084548105,1.4863145035878178e-06
0.4657076301970683,0.0012970031452340942,rs34685964,143632228,cc,343,0.052478134110787174,2.0495025228444915e-31
0.37321583873182507,0.000365185399757989,rs7387754,143633066,cc,343,0.24489795918367346,1.364174368055344e-57
0.371902480930372,0.0003499421450898736,rs7387255,143635403,cc,343,0.2536443148688047,5.322906474444264e-59
0.4222274989629634,0.00070876682108134,rs4977103,143635568,cc,343,0.119533527696793,7.57029522772225e-43
0.3733709508983746,0.00035118825014427405,rs7386386,143637459,cc,343,0.25072886297376096,3.5749747621457027e-59
0.37753540714380573,0.00037795528870483296,rs13269784,143643575,cc,343,0.23615160349854228,3.7973290307260694e-57
0.3733709508983746,0.00035118825014427405,rs11167148,143645999,cc,343,0.25072886297376096,3.5749747621457027e-59
0.4231827715358805,0.000706405425630258,rs4977105,143652160,cc,343,0.119533527696793,4.268793966916621e-43
0.4231827715358805,0.000706405425630258,rs4977106,143653364,cc,343,0.119533527696793,4.268793966916621e-43
0.3755527384771123,0.00032609824138880877,rs3935087,143655532,cc,343,0.26239067055393583,1.1356304059577502e-62
0.47590348024154117,0.002220102602840196,rs6996219,143656021,cc,343,0.03206997084548105,3.658323461520102e-21
0.4273299809233,0.0007887662022426591,rs13262940,143659309,cc,343,0.10787172011661808,2.7359113397472517e-40
0.4770581327136917,0.0020167229526570508,rs4073782,143660032,cc,343,0.03206997084548105,5.711781530396086e-23
0.4319217630604436,0.0007909602802631692,rs13273410,143660413,cc,343,0.10495626822157435,7.483267176993297e-41
0.4759528292362668,0.002001305215332828,rs4073410,143660669,cc,343,0.03206997084548105,5.0153504808481267e-23
0.4937725951282114,0.002007052943526395,rs3934486,143664312,cc,343,0.03206997084548105,2.2360792054158697e-24
0.4922781449800926,0.003489596347332259,rs10105842,143671615,cc,343,0.01749271137026239,1.931693679351354e-15
0.49185789080674214,0.0017527030486310454,rs7843869,143675222,cc,343,0.037900874635568516,5.29517242716828e-27
0.479200277719544,0.0019034463659608736,rs4977021,143676026,cc,343,0.03498542274052478,3.053238764179855e-24
0.479200277719544,0.0019034463659608736,rs4977101,143677819,cc,343,0.03498542274052478,3.053238764179855e-24
0.445697913589842,0.0014100543836162104,rs11167150,143681457,cc,343,0.05539358600583091,1.9109555866016758e-27
0.39833277867263156,0.0005263969373098863,rs6985894,143681901,cc,343,0.1661807580174927,7.298080050348173e-49
0.4429133092653812,0.0009005693743958997,rs7835613,143682428,cc,343,0.08454810495626822,1.7310299076947837e-38
0.3988934246844222,0.0005276358965333242,rs12546658,143682867,cc,343,0.1661807580174927,7.031979707067904e-49
0.4457088934577027,0.0009046453654393908,rs7017842,143685116,cc,343,0.08163265306122448,1.0081763805450641e-38
0.5340650089129556,0.0033641938276826842,rs9324593,143686995,cc,343,0.01749271137026239,3.4174912506795734e-18
0.5340650089129556,0.0033641938276826842,rs12680428,143688003,cc,343,0.01749271137026239,3.4174912506795734e-18
0.397706917055367,0.0005329585462393471,rs10103454,143688896,cc,343,0.1661807580174927,2.5302086210487284e-48
0.3966739702992429,0.0005698666275353151,rs12544751,143689390,cc,343,0.16034985422740525,7.134202503512855e-46
0.5941976921068741,0.006255046725234129,rs10110456,143690833,cc,343,0.0029154518950437317,5.092914678125999e-13
0.6313419880610047,0.005856945011955384,rs13260813,143692395,cc,343,0.0029154518950437317,3.4752599171458086e-15
0.39601174275366713,0.0003720553971786803,rs10097505,143694184,cc,343,0.21282798833819241,1.3172848100535388e-61
0.46230968101295533,0.0007398391942116308,rs28473387,143707473,cc,343,0.08454810495626822,2.1351730858119044e-47
0.45763001560774175,0.00073811105365206,rs4545075,143716030,cc,343,0.08746355685131195,8.729195845275238e-47
0.4487096748910643,0.0007161271562932274,rs2280880,143721929,cc,343,0.09620991253644315,1.7735353069717484e-46
0.4520452513548854,0.0007252165043578831,rs7017931,143726728,cc,343,0.09329446064139942,1.4956321913209896e-46
0.4630062816871872,0.0015552811958682439,rs9297973,143728375,cc,343,0.043731778425655975,5.673863133036408e-27
0.4335282935767768,0.0005635118170509431,rs4327844,143733540,cc,343,0.1282798833819242,1.7221350425157964e-52
0.4493243652763919,0.0007057557567007958,rs4644221,143736984,cc,343,0.09912536443148688,4.607872866413634e-47
0.4520452513548854,0.0007252165043578831,rs4371985,143737279,cc,343,0.09329446064139942,1.4956321913209896e-46
0.45264723617285263,0.0007281694907460009,rs4301430,143737416,cc,343,0.09329446064139942,1.6672621799220879e-46
0.4520452513548854,0.0007252165043578831,rs4587307,143738529,cc,343,0.09329446064139942,1.4956321913209896e-46
0.4520452513548854,0.0007252165043578831,rs11543967,143739435,cc,343,0.09329446064139942,1.4956321913209896e-46
0.4520452513548854,0.0007252165043578831,rs4336593,143739647,cc,343,0.09329446064139942,1.4956321913209896e-46
0.4335282935767768,0.0005635118170509431,rs6988393,143740596,cc,343,0.1282798833819242,1.7221350425157964e-52
0.4335282935767768,0.0005635118170509431,rs3735994,143742683,cc,343,0.1282798833819242,1.7221350425157964e-52
0.4520452513548854,0.0007252165043578831,rs2976400,143743611,cc,343,0.09329446064139942,1.4956321913209896e-46
0.45198885877590267,0.000720851181173842,rs750530,143744931,cc,343,0.09329446064139942,9.542621762728925e-47
0.45264723617285263,0.0007281694907460009,rs2976399,143746050,cc,343,0.09329446064139942,1.6672621799220879e-46
0.4335282935767768,0.0005635118170509431,rs3735999,143746069,cc,343,0.1282798833819242,1.7221350425157964e-52
0.4335282935767768,0.0005635118170509431,rs754957,143746416,cc,343,0.1282798833819242,1.7221350425157964e-52
0.43536937979932083,0.0005685412380709496,rs3802232,143746701,cc,343,0.12536443148688048,1.782972003585703e-52
0.4335282935767768,0.0005635118170509431,rs6995314,143749718,cc,343,0.1282798833819242,1.7221350425157964e-52
0.445504686499822,0.0006615726303392964,rs10110864,143750072,cc,343,0.10495626822157435,1.0663521783895105e-48
0.4324061505377659,0.0006833310955188548,rs2978974,143751864,cc,343,0.11661807580174927,1.428098568548509e-45
0.4028746595035008,0.00042782911293640736,rs9297976,143752235,cc,343,0.18075801749271136,2.2175098841000228e-57
0.4048291787227465,0.0004169318078338644,rs2920283,143757037,cc,343,0.18658892128279883,8.808614852876906e-59
0.4029705782232442,0.00041718261864853853,rs2294008,143761931,cc,343,0.18950437317784258,2.159575720996018e-58
0.688941616780585,0.06298435243215039,rs3736001,143762807,cc,343,0.01749271137026239,0.006367820822325163
0.4042302538383482,0.00042043269623237583,rs2976392,143762932,cc,343,0.18658892128279883,2.480356024812517e-58
0.4029705782232442,0.00041718261864853853,rs2920298,143763043,cc,343,0.18950437317784258,2.159575720996018e-58
0.4029705782232442,0.00041718261864853853,rs2920297,143763083,cc,343,0.18950437317784258,2.159575720996018e-58
0.4029705782232442,0.00041718261864853853,rs2976394,143763622,cc,343,0.18950437317784258,2.159575720996018e-58
0.4029705782232442,0.00041718261864853853,rs10216533,143763690,cc,343,0.18950437317784258,2.159575720996018e-58
0.4029705782232442,0.00041718261864853853,rs2976395,143763750,cc,343,0.18950437317784258,2.159575720996018e-58
0.4029705782232442,0.00041718261864853853,rs1045547,143763757,cc,343,0.18950437317784258,2.159575720996018e-58
0.4029705782232442,0.00041718261864853853,rs1045574,143763958,cc,343,0.18950437317784258,2.159575720996018e-58
0.4029705782232442,0.00041718261864853853,rs2976396,143764001,cc,343,0.18950437317784258,2.159575720996018e-58
0.4023766307676454,0.00044183226863073893,rs2976397,143764613,cc,343,0.1836734693877551,4.929092061776743e-56
0.44783793358014606,0.0011225669197913388,rs12155758,143765885,cc,343,0.0728862973760933,4.488006031387767e-33
0.688941616780585,0.06298435243215039,rs1865552,143776873,cc,343,0.01749271137026239,0.006367820822325163
0.38973280407868705,0.00036558542890184566,rs1435453,143780775,cc,343,0.21865889212827988,5.134027663519253e-61
0.39341784578040606,0.00038890045398741566,rs2244163,143784500,cc,343,0.20699708454810495,2.8137280599630687e-59
0.3905125600716487,0.00037065394656726124,rs2244152,143784885,cc,343,0.21865889212827988,1.2839802590849223e-60
0.688941616780585,0.06298435243215039,rs2294011,143784971,cc,343,0.01749271137026239,0.006367820822325163
0.3902494431020639,0.0003729846253196035,rs2585153,143785345,cc,343,0.21865889212827988,2.616031548825709e-60
0.3905125600716487,0.00037065394656726124,rs2164308,143785659,cc,343,0.21865889212827988,1.2839802590849223e-60
0.39341784578040606,0.00038890045398741566,rs2082801,143786461,cc,343,0.20699708454810495,2.8137280599630687e-59
0.4847402572384447,0.0017420833590374514,rs6471588,143786835,cc,343,0.03206997084548105,1.6448262542635187e-26
0.3905125600716487,0.00037065394656726124,rs1469811,143787999,cc,343,0.21865889212827988,1.2839802590849223e-60
0.3905125600716487,0.00037065394656726124,rs2572904,143792193,cc,343,0.21865889212827988,1.2839802590849223e-60
0.4847402572384447,0.0017420833590374514,rs4736372,143792266,cc,343,0.03206997084548105,1.6448262542635187e-26
0.39341784578040606,0.00038890045398741566,rs2572906,143798269,cc,343,0.20699708454810495,2.8137280599630687e-59
0.4230359571227468,0.00073073054629935,rs2585146,143798641,cc,343,0.119533527696793,5.20047128931738e-42
0.4230359571227468,0.00073073054629935,rs6998746,143802456,cc,343,0.119533527696793,5.20047128931738e-42
0.3905125600716487,0.00037065394656726124,rs2585140,143806896,cc,343,0.21865889212827988,1.2839802590849223e-60
0.38588927087251956,0.0003659026676145023,rs2585138,143808951,cc,343,0.22740524781341107,3.558711128283111e-60
0.48191998788492163,0.0018289229853311962,rs6991446,143810819,cc,343,0.03206997084548105,2.9185326337749023e-25
0.5202594298024743,0.005867759719170141,rs3736008,143816577,cc,343,0.0058309037900874635,4.919163417884703e-11
0.474935575229116,0.001800540429130008,rs2004243,143818986,cc,343,0.03498542274052478,5.477009422108938e-25
0.43070344509900005,0.0006683485812566586,rs7828042,143819383,cc,343,0.119533527696793,4.785043399053887e-46
0.4276693798884339,0.0008299828862120486,rs34956412,143822028,cc,343,0.10495626822157435,7.964166634644144e-39
0.4276693798884339,0.0008299828862120486,rs3758081,143824373,cc,343,0.10495626822157435,7.964166634644144e-39
0.43070344509900005,0.0006683485812566586,rs3758082,143824483,cc,343,0.119533527696793,4.785043399053887e-46
0.6293832491597774,0.013696865650738877,rs3758083,143824608,cc,343,0.07580174927113703,1.4002734409110535e-07
0.46921612037379623,0.0017552099072348489,rs2585184,143828773,cc,343,0.037900874635568516,5.165449147668002e-25
0.43029220229109955,0.0008429698763274387,rs4736300,143829269,cc,343,0.10204081632653061,9.941388028355442e-39
0.43029220229109955,0.0008429698763274387,rs4736323,143830359,cc,343,0.10204081632653061,9.941388028355442e-39
0.46750139187625395,0.0017748999684533689,rs10808680,143832373,cc,343,0.037900874635568516,1.207106910431102e-24
0.403673381210242,0.000627054845067399,rs2572874,143837219,cc,343,0.13994169096209913,6.9015601194564e-44
0.40646865843027086,0.0006267753784298047,rs1036385,143842901,cc,343,0.13702623906705538,2.3907122799447733e-44
0.39602164410072843,0.0005070064141832482,rs7012804,143844650,cc,343,0.16909620991253643,8.978460668290073e-50
0.4034227240335232,0.0005432079230640336,rs7822193,143845269,cc,343,0.15451895043731778,1.1851530926148749e-48
0.4089297254600356,0.0005929278894009956,rs7816480,143845714,cc,343,0.13994169096209913,1.392714850784559e-46
0.43140890345715904,0.0007740099135581515,rs1369453,143848210,cc,343,0.10787172011661808,1.9217399287310024e-41
0.41394473346833405,0.0004893172887686282,rs2289071,143851422,cc,343,0.15451895043731778,2.6430851906270426e-54
0.4965975074519541,0.0019063571446645256,rs2304397,143857208,cc,343,0.026239067055393587,1.2218865160219117e-25
0.5355719882663458,0.004243309308555819,rs2585126,143859181,cc,343,0.0058309037900874635,4.217051222150556e-15
0.44290531331217425,0.0006969215437873065,rs6980609,143865065,cc,343,0.10204081632653061,1.6230657841094548e-46
0.5222850612069052,0.004799974498802135,rs2239703,143867425,cc,343,0.0029154518950437317,4.3072812759452293e-13
0.41102722590270124,0.000525098314389642,rs2572925,143867905,cc,343,0.15451895043731778,3.5294427751153986e-51
0.5496923185326015,0.009019900310516561,rs11988843,143871387,cc,343,0.11370262390670553,1.6129311097473142e-08
0.392269886065032,0.00036490901123559363,rs2717611,143879927,cc,343,0.22448979591836735,1.2674925727199098e-61
0.5143766696409018,0.004517229405791588,rs11997117,143880068,cc,343,0.0058309037900874635,2.0188127453070458e-13
0.3827125282363665,0.0003441947068083637,rs11783855,143882962,cc,343,0.23615160349854228,5.343143253448253e-62
0.4080463235448939,0.0005268879056067891,rs10956986,143886601,cc,343,0.15743440233236153,1.5604035031325441e-50
0.40601078331568174,0.000526439412503527,rs11777634,143887957,cc,343,0.16034985422740525,3.3100721273304034e-50
0.48285178730923306,0.005755506022821765,rs11777524,143895902,cc,343,0.008746355685131196,6.294418844497234e-10
0.4059269533634446,0.0005266384320990983,rs2717586,143897882,cc,343,0.16034985422740525,3.5318014462153455e-50
0.5610334358327616,0.009518387024043022,rs2516380,143900017,cc,343,0.10787172011661808,1.973854719026097e-08
0.5610334358327616,0.009518387024043022,rs7846202,143901987,cc,343,0.10787172011661808,1.973854719026097e-08
0.4780310615152342,0.0029080640934384004,rs378433,143902692,cc,343,0.02040816326530612,4.305448805734248e-17
0.4853904566870329,0.005857424158372389,rs387682,143903142,cc,343,0.008746355685131196,7.172176100753756e-10
0.394805772679922,0.0003642629950843117,rs369895,143903291,cc,343,0.22157434402332363,3.1508572361257836e-62
0.41381213282111085,0.0008041385336934839,rs2717591,143903463,cc,343,0.11078717201166181,7.794439304436864e-38
0.4112063128019876,0.0005010291900565361,rs439747,143903612,cc,343,0.1661807580174927,6.321698197276102e-53
0.39179346940028437,0.0004309655293726942,rs7826593,143906098,cc,343,0.20116618075801748,6.017132329523419e-55
0.4048346530261916,0.0005562638601373703,rs2017311,143906327,cc,343,0.15451895043731778,4.512589602670777e-48
0.620794699301713,0.011747578239603582,rs2572890,143906358,cc,343,0.0029154518950437317,2.2329394181124477e-08
0.3914192485539553,0.00034510691904905,rs2003045,143906396,cc,343,0.2303206997084548,9.203055098330552e-64
0.3914192485539553,0.00034510691904905,rs2572891,143906888,cc,343,0.2303206997084548,9.203055098330552e-64
0.5052363525909231,0.0031549595685748523,rs11781852,143911227,cc,343,0.014577259475218658,1.655157858858241e-17
0.6259732381134664,0.012172645911330151,rs7816010,143912840,cc,343,0.0029154518950437317,2.9812597414785825e-08
0.39697821681623197,0.00042303424181984976,rs2299610,143917939,cc,343,0.20116618075801748,1.1380404729706946e-56
0.5074160502012919,0.003491480918019243,rs4736337,143920297,cc,343,0.011661807580174927,3.191191818659656e-16
0.40693739030787823,0.0005163992000830198,rs4736338,143920340,cc,343,0.16034985422740525,4.640653027780696e-51
0.39697821681623197,0.00042303424181984976,rs756552,143921180,cc,343,0.20116618075801748,1.1380404729706946e-56
0.39659743283637916,0.00042594494173129444,rs3750246,143921804,cc,343,0.20116618075801748,2.4897405566864846e-56
0.5340682137955683,0.008821826039422106,rs3764795,143922620,cc,343,0.0029154518950437317,2.7890012628861408e-08
0.3964933666464979,0.0004385470480555963,rs3802226,143922788,cc,343,0.19825072886297376,3.4315067417472416e-55
0.496785226349738,0.004569240508573768,rs3819495,143923250,cc,343,0.011661807580174927,1.4785124079082729e-12
0.40017776340301253,0.00044916621856276443,rs3819496,143923891,cc,343,0.18950437317784258,5.521154167327489e-55
0.38368603501413096,0.0003610082173803554,rs3819497,143924052,cc,343,0.2303206997084548,2.9495089213248776e-60
0.4032205543040641,0.0005124085017586835,rs3753121,143926380,cc,343,0.1661807580174927,1.115353622072875e-50
0.37995513911553,0.0003808569675486067,rs3753122,143926927,cc,343,0.2303206997084548,2.3929509328626547e-57
0.38460155383910904,0.00035251690042291357,rs3753123,143926968,cc,343,0.239067055393586,2.0209834935815372e-61
0.37995513911553,0.0003808569675486067,rs2078674,143928233,cc,343,0.2303206997084548,2.3929509328626547e-57
0.4032205543040641,0.0005124085017586835,rs1114761,143928956,cc,343,0.1661807580174927,1.115353622072875e-50
0.40474884309883674,0.000524192363428836,rs6988323,143946483,cc,343,0.16326530612244897,3.8831346223184314e-50
0.6081227669794926,0.041833468096587646,rs4736308,143947326,cc,343,0.026239067055393587,0.0031558741054538535
0.4057984996262781,0.0005165201434718769,rs10098023,143949604,cc,343,0.16326530612244897,7.529456757812823e-51
0.40474884309883674,0.000524192363428836,rs7016088,143950026,cc,343,0.16326530612244897,3.8831346223184314e-50
0.40474884309883674,0.000524192363428836,rs7005638,143950214,cc,343,0.16326530612244897,3.8831346223184314e-50
0.40474884309883674,0.000524192363428836,rs7016594,143950352,cc,343,0.16326530612244897,3.8831346223184314e-50
0.40474884309883674,0.000524192363428836,rs4548164,143950501,cc,343,0.16326530612244897,3.8831346223184314e-50
0.5281344151564762,0.007402153437635331,rs4464947,143950796,cc,343,0.0029154518950437317,2.307594063226344e-09
0.38176057373481903,0.00038187545360836024,rs4736346,143951849,cc,343,0.22740524781341107,1.294004762854326e-57
0.4032205543040641,0.0005124085017586835,rs10093618,143952214,cc,343,0.1661807580174927,1.115353622072875e-50
0.4032941678627645,0.0005072078885372887,rs4736311,143952700,cc,343,0.1661807580174927,4.651083194936897e-51
0.4032205543040641,0.0005124085017586835,rs4736312,143953937,cc,343,0.1661807580174927,1.115353622072875e-50
0.4032205543040641,0.0005124085017586835,rs1134096,143954223,cc,343,0.1661807580174927,1.115353622072875e-50
0.4032205543040641,0.0005124085017586835,rs1134095,143954290,cc,343,0.1661807580174927,1.115353622072875e-50
0.4032205543040641,0.0005124085017586835,rs7003319,143954747,cc,343,0.1661807580174927,1.115353622072875e-50
0.4032205543040641,0.0005124085017586835,rs5017238,143954769,cc,343,0.1661807580174927,1.115353622072875e-50
0.4032205543040641,0.0005124085017586835,rs5303,143955095,cc,343,0.1661807580174927,1.115353622072875e-50
0.5281344151564762,0.007402153437635331,rs5297,143955657,cc,343,0.0029154518950437317,2.307594063226344e-09
0.4062380988388059,0.0005129041571326718,rs6395,143956808,cc,343,0.16326530612244897,3.512908207187159e-51
0.4032205543040641,0.0005124085017586835,rs6471570,143957405,cc,343,0.1661807580174927,1.115353622072875e-50
0.42159316194266583,0.0004887316989707739,rs7818826,143959250,cc,343,0.1457725947521866,9.641654632557472e-56
0.48072880553897185,0.011783402073197818,rs9657021,143959272,cc,343,0.0058309037900874635,1.2781333167845871e-05
0.39051903687012035,0.0004318811968983302,rs6410,143961005,cc,343,0.20116618075801748,1.2790751176351255e-54
0.6081227669794926,0.041833468096587646,rs4534,143961102,cc,343,0.026239067055393587,0.0031558741054538535
0.6081227669794926,0.041833468096587646,rs5280,143961293,cc,343,0.026239067055393587,0.0031558741054538535
0.3795264510558616,0.00033172056770501194,rs4736349,143967432,cc,343,0.2565597667638484,7.773863111213718e-63
0.4022603885892281,0.0005146698911894434,rs4641039,143977819,cc,343,0.1661807580174927,2.3738981521342535e-50
0.6081227669794926,0.041833468096587646,rs4736353,143979541,cc,343,0.026239067055393587,0.0031558741054538535
0.38028043114926036,0.00032858071343220955,rs7819943,143982061,cc,343,0.2565597667638484,2.1266814340916253e-63
0.4022603885892281,0.0005146698911894434,rs7011830,143982392,cc,343,0.1661807580174927,2.3738981521342535e-50
0.4022603885892281,0.0005146698911894434,rs4736317,143982753,cc,343,0.1661807580174927,2.3738981521342535e-50
0.38028043114926036,0.00032858071343220955,rs4736318,143982831,cc,343,0.2565597667638484,2.1266814340916253e-63
0.537122739317558,0.00570275473834563,rs4736319,143984880,cc,343,0.0029154518950437317,6.703478086972542e-12
0.3831965547459425,0.0003837668495131722,rs6471580,143986701,cc,343,0.22448979591836735,1.025721075599001e-57
0.3831965547459425,0.0003837668495131722,rs6987382,143987191,cc,343,0.22448979591836735,1.025721075599001e-57
0.5475779464331418,0.020580666920923838,rs4736358,143987310,cc,343,0.052478134110787174,0.00016035521830608165
0.4051444484329082,0.0005154988028992277,rs4736359,143987427,cc,343,0.16326530612244897,8.347574016990625e-51
0.5641055887486964,0.024818422567232587,rs4736360,143989177,cc,343,0.043731778425655975,0.0003922205058041212
0.5641055887486964,0.024818422567232587,rs12546357,143989323,cc,343,0.043731778425655975,0.0003922205058041212
0.39030946034524494,0.00045697097385764997,rs3802228,143992218,cc,343,0.19533527696793002,1.7914206920688327e-52
0.39030946034524494,0.00045697097385764997,rs3802230,143992864,cc,343,0.19533527696793002,1.7914206920688327e-52
0.405782796980542,0.0005114262062734263,rs6433,143993640,cc,343,0.16326530612244897,3.3300311116999186e-51
0.405782796980542,0.0005114262062734263,rs6431,143993765,cc,343,0.16326530612244897,3.3300311116999186e-51
0.5276837118418383,0.007232342209496429,rs4543,143995743,cc,343,0.0029154518950437317,1.5818473561788134e-09
0.3786491042353843,0.0003192699233753563,rs1799998,143999600,cc,343,0.2536443148688047,3.0209302890235505e-64
0.3781512736741153,0.00032463210690767563,rs10087214,143999726,cc,343,0.2594752186588921,1.9572565467271215e-63
0.4928949667773348,0.0011736972985666482,rs11781082,143999901,cc,343,0.043731778425655975,4.9783774201609055e-37
0.5276837118418383,0.007232342209496429,rs7844961,144002184,cc,343,0.0029154518950437317,1.5818473561788134e-09
0.3786046243432226,0.00032078315272512383,rs7831617,144002283,cc,343,0.2565597667638484,4.893569044059095e-64
0.5641055887486964,0.024818422567232587,rs7011901,144005285,cc,343,0.043731778425655975,0.0003922205058041212
0.3811244273146241,0.0003555443268727947,rs7016924,144006073,cc,343,0.239067055393586,2.4812897180049518e-60
0.3801264521249679,0.0003705832597900662,rs6988985,144007104,cc,343,0.2303206997084548,1.8446214600174334e-58
0.406149576651204,0.0005105554451956472,rs11775009,144008181,cc,343,0.16326530612244897,2.486046796575343e-51
0.38062765202925897,0.0003566508169505535,rs4074074,144035121,cc,343,0.23615160349854228,4.2266596302839374e-60
0.5965260479985024,0.0182711795292327,rs9692931,144043126,cc,343,0.05830903790087463,1.3676144922348294e-05
0.3852443468723147,0.00034631222833134384,rs10090696,144052791,cc,343,0.239067055393586,2.7303814080761357e-62
0.5594424172299676,0.00476476517292013,rs9330408,144055179,cc,343,0.0029154518950437317,9.496089122540968e-15
0.3787410703958239,0.00030250187108443234,rs9694474,144056123,cc,343,0.24489795918367346,1.4234666883236868e-66
0.40571016854759057,0.0005271529075494305,rs13248022,144067080,cc,343,0.1661807580174927,4.1757959148875185e-50
0.3763670495059145,0.0003506305120844376,rs4424237,144075281,cc,343,0.2478134110787172,7.040157084008805e-60
0.3763670495059145,0.0003506305120844376,rs12547761,144077253,cc,343,0.2478134110787172,7.040157084008805e-60
0.3763670495059145,0.0003506305120844376,rs6993581,144077940,cc,343,0.2478134110787172,7.040157084008805e-60
0.3766546412388659,0.0003484857892585805,rs12675512,144079588,cc,343,0.2478134110787172,3.452149361283411e-60
0.3763670495059145,0.0003506305120844376,rs12682437,144081376,cc,343,0.2478134110787172,7.040157084008805e-60
0.43205921166528394,0.0007502505603446723,rs4596631,144089589,cc,343,0.10787172011661808,1.6621494788574882e-42
0.3980790355423619,0.0004903085155637819,rs4270938,144093864,cc,343,0.18075801749271136,2.420117182311359e-51
0.39881634106747066,0.00047926374892882283,rs4270939,144093928,cc,343,0.18075801749271136,2.6229465209768165e-52
0.3998072273179342,0.0004957894815117802,rs4270940,144094150,cc,343,0.17784256559766765,2.968603039813768e-51
0.4284521769073717,0.0007593262752223356,rs11136286,144102493,cc,343,0.10787172011661808,1.3099066524420555e-41
0.6041523277803311,0.03755606261612341,rs4464948,144103435,cc,343,0.029154518950437316,0.001978575359206309
0.431001844988551,0.0007840961867442107,rs4433125,144107501,cc,343,0.10204081632653061,5.475271025144213e-41
0.5284938960736005,0.004474181335861212,rs10283236,144107977,cc,343,0.008746355685131196,3.8251156251379055e-14
0.4422047109133441,0.0008378409821763614,rs11984715,144114022,cc,343,0.09037900874635568,1.5610861854417897e-40
0.4207362347999241,0.0006183804742495372,rs11136299,144124512,cc,343,0.13994169096209913,4.366795096878643e-47
0.4207362347999241,0.0006183804742495372,rs11136300,144124609,cc,343,0.13994169096209913,4.366795096878643e-47
0.4166967476258875,0.0006216285448165635,rs12547949,144132364,cc,343,0.14285714285714285,2.935400998056845e-46
0.4193340987706491,0.0006251755784294052,rs7015223,144132469,cc,343,0.13994169096209913,1.718248059387937e-46
0.4799801538777871,0.001201289660857859,rs13248517,144134961,cc,343,0.05539358600583091,6.229520603067873e-35
0.4803058601449467,0.001191317549592106,rs7823214,144134969,cc,343,0.05539358600583091,3.4175106577457487e-35
0.4803058601449467,0.001191317549592106,rs4977119,144135387,cc,343,0.05539358600583091,3.4175106577457487e-35
0.4803058601449467,0.001191317549592106,rs10103088,144137403,cc,343,0.05539358600583091,3.4175106577457487e-35
0.4803058601449467,0.001191317549592106,rs4977120,144137783,cc,343,0.05539358600583091,3.4175106577457487e-35
0.5063873247589153,0.0037941294830156234,rs11136320,144140815,cc,343,0.014577259475218658,4.2386495343772295e-15
0.40536845706616653,0.0004502039478286559,rs12675829,144146404,cc,343,0.18075801749271136,6.9974883019681305e-56
0.508701743252929,0.0038413543427083746,rs4282549,144146747,cc,343,0.014577259475218658,4.651243864824444e-15
0.47943260765463597,0.0011759129916158592,rs7824044,144158342,cc,343,0.05539358600583091,1.9053130947453064e-35
0.4182706311592234,0.0006311509571077957,rs4307322,144163378,cc,343,0.13702623906705538,5.294896570179072e-46
0.47943260765463597,0.0011759129916158592,rs9650464,144165429,cc,343,0.05539358600583091,1.9053130947453064e-35
0.47863519605276544,0.001169346808822994,rs4246828,144169091,cc,343,0.05539358600583091,1.6530848970111602e-35
0.4179918568819756,0.0006217795260214027,rs6988480,144170824,cc,343,0.13994169096209913,1.8515457187166908e-46
0.47943260765463597,0.0011759129916158592,rs6558291,144171329,cc,343,0.05539358600583091,1.9053130947453064e-35
0.4179918568819756,0.0006217795260214027,rs4977127,144172757,cc,343,0.13994169096209913,1.8515457187166908e-46
0.47963898233658986,0.0011842188961478726,rs4977113,144174319,cc,343,0.05539358600583091,2.8011438185369237e-35
0.4803489172982178,0.0011558248402622805,rs4307321,144174930,cc,343,0.05539358600583091,5.0673124711114765e-36
0.4912725941454796,0.007176610882718874,rs4977114,144179460,cc,343,0.008746355685131196,1.517375771341541e-08
0.5062871328394332,0.0039039181866352313,rs4607586,144183446,cc,343,0.014577259475218658,9.604398181612244e-15
0.48030233445946785,0.0011823569689246702,rs7846671,144183966,cc,343,0.05539358600583091,2.137411262001987e-35
0.5163173841026658,0.003988826061927288,rs12677931,144201664,cc,343,0.011661807580174927,5.832165668802419e-15
0.5188716492631767,0.004040698517033582,rs12680363,144201854,cc,343,0.011661807580174927,6.35852039386856e-15
0.41411240060810917,0.0005655123212224416,rs7007158,144211121,cc,343,0.14868804664723032,4.494189989679728e-49
0.4988552493657832,0.0012735572289419884,rs4977134,144214428,cc,343,0.052478134110787174,1.9466970420355044e-35
0.5124815709882886,0.0013659392625390288,rs12674662,144214968,cc,343,0.043731778425655975,5.306953915839994e-35
0.4988552493657832,0.0012735572289419884,rs13281215,144216966,cc,343,0.052478134110787174,1.9466970420355044e-35
0.4988552493657832,0.0012735572289419884,rs13249141,144222258,cc,343,0.052478134110787174,1.9466970420355044e-35
0.45108317579562074,0.0007368792636405091,rs11990514,144223556,cc,343,0.10495626822157435,7.10562051179371e-46
