beta,varbeta,snp,pos,type,N,MAF,pval
0.9601075071618591,0.011105249364481722,rs1565208,44233507,cc,343,0.011661807580174927,7.031378140647939e-18
0.9601075071618591,0.011105249364481722,rs1565209,44233678,cc,343,0.011661807580174927,7.031378140647939e-18
0.9735890534299835,0.01464346375895881,rs1039843,44239726,cc,343,0.008746355685131196,1.4266775804831683e-14
0.7981230053647262,0.0028869795595298144,rs2888367,44242929,cc,343,0.11661807580174927,7.314588511977762e-39
0.7473477865005318,0.0015401126707499527,rs6808448,44243607,cc,343,0.20116618075801748,1.2365242677862965e-55
0.7584156234900967,0.0017122580145844683,rs4682949,44245155,cc,343,0.1836734693877551,9.374531196834223e-53
0.9583052808195096,0.011517317688227537,rs1565210,44249897,cc,343,0.011661807580174927,2.6760251301460297e-17
0.9683748556661388,0.0029280511002720386,rs9825080,44251270,cc,343,0.07580174927113703,5.1659670119813063e-51
0.8981157896031678,0.018539521430095334,rs10510740,44254630,cc,343,0.011661807580174927,1.6059749986635785e-10
0.7357581171820966,0.0015362443282410433,rs10510741,44264194,cc,343,0.2099125364431487,1.535152602530086e-54
0.7380131378780801,0.0015198904252456955,rs4392391,44272966,cc,343,0.2099125364431487,3.529778801895674e-55
0.7348301503628797,0.0015138573034479156,rs967285,44275276,cc,343,0.21282798833819241,5.313538760057002e-55
0.7348301503628797,0.0015138573034479156,rs9852733,44277339,cc,343,0.21282798833819241,5.313538760057002e-55
0.782128700597174,0.002826037777238075,rs6802802,44279164,cc,343,0.12536443148688048,2.637600266463705e-38
0.7348301503628797,0.0015138573034479156,rs9846155,44282840,cc,343,0.21282798833819241,5.313538760057002e-55
0.7348301503628797,0.0015138573034479156,rs9809107,44282934,cc,343,0.21282798833819241,5.313538760057002e-55
0.9580756060801732,0.011382041691392434,rs7645375,44283808,cc,343,0.011661807580174927,1.8435656152645095e-17
0.7369845378446704,0.0015510431420801003,rs9284879,44284584,cc,343,0.20699708454810495,2.64376506824574e-54
1.0753626850967564,0.02184046665572622,rs10510742,44291466,cc,343,0.0029154518950437317,2.3622376285577253e-12
0.7369845378446704,0.0015510431420801003,rs7631790,44299205,cc,343,0.20699708454810495,2.64376506824574e-54
0.7369845378446704,0.0015510431420801003,rs9821268,44303124,cc,343,0.20699708454810495,2.64376506824574e-54
0.7369845378446704,0.0015510431420801003,rs12631341,44309268,cc,343,0.20699708454810495,2.64376506824574e-54
0.7369845378446704,0.0015510431420801003,rs7349467,44314778,cc,343,0.20699708454810495,2.64376506824574e-54
0.7369845378446704,0.0015510431420801003,rs12486452,44324565,cc,343,0.20699708454810495,2.64376506824574e-54
0.8760377309982107,0.0050339402070243445,rs7626710,44330479,cc,343,0.061224489795918366,3.238307308964477e-29
0.9646464297607298,0.012055503878945498,rs1488637,44332176,cc,343,0.008746355685131196,7.640624876009204e-17
0.7369845378446704,0.0015510431420801003,rs1565215,44334099,cc,343,0.20699708454810495,2.64376506824574e-54
0.7369845378446704,0.0015510431420801003,rs1565214,44334299,cc,343,0.20699708454810495,2.64376506824574e-54
0.9005042412718637,0.01823262173449253,rs7646215,44337350,cc,343,0.011661807580174927,1.0362537117861231e-10
0.7369845378446704,0.0015510431420801003,rs2372598,44343362,cc,343,0.20699708454810495,2.64376506824574e-54
0.9646464297607298,0.012055503878945498,rs7618033,44343583,cc,343,0.008746355685131196,7.640624876009204e-17
1.0753626850967564,0.02184046665572622,rs11917026,44347295,cc,343,0.0029154518950437317,2.3622376285577253e-12
0.8862822019472172,0.005091422190164721,rs11929217,44347660,cc,343,0.05830903790087463,1.717906151641417e-29
0.9646464297607298,0.012055503878945498,rs6441831,44352537,cc,343,0.008746355685131196,7.640624876009204e-17
0.9383225129018009,0.014840617287439337,rs4682968,44361810,cc,343,0.0058309037900874635,1.4553880641956394e-13
0.8938952867471738,0.005014667975753108,rs17586716,44370157,cc,343,0.05830903790087463,2.9945463743305292e-30
0.8729026759488574,0.015396899079284456,rs17030563,44372146,cc,343,0.014577259475218658,1.094040984819167e-11
0.9646464297607298,0.012055503878945498,rs1488641,44374024,cc,343,0.008746355685131196,7.640624876009204e-17
1.0327757218404043,0.01871498034848389,rs4682741,44376429,cc,343,0.0029154518950437317,4.011272316627393e-13
0.782128700597174,0.002826037777238075,rs11707582,44377959,cc,343,0.12536443148688048,2.637600266463705e-38
1.0255393346395385,0.01843744745507314,rs2279454,44379864,cc,343,0.0029154518950437317,3.924737266152649e-13
0.8245018885869775,0.0033317709289307617,rs13086084,44380488,cc,343,0.09329446064139942,1.258384210032759e-36
0.7514947190820171,0.0018151996967853943,rs9647354,44383056,cc,343,0.1836734693877551,5.610065345712127e-50
0.7514947190820171,0.0018151996967853943,rs9812457,44383819,cc,343,0.1836734693877551,5.610065345712127e-50
0.782128700597174,0.002826037777238075,rs7624506,44384729,cc,343,0.12536443148688048,2.637600266463705e-38
0.782128700597174,0.002826037777238075,rs7636230,44384991,cc,343,0.12536443148688048,2.637600266463705e-38
0.7870821805546506,0.00284739911661123,rs11706775,44385502,cc,343,0.12244897959183673,1.8776442463712423e-38
0.8729026759488574,0.015396899079284456,rs4129069,44395816,cc,343,0.014577259475218658,1.094040984819167e-11
0.8729026759488574,0.015396899079284456,rs4682970,44399668,cc,343,0.014577259475218658,1.094040984819167e-11
0.782128700597174,0.002826037777238075,rs7622109,44402063,cc,343,0.12536443148688048,2.637600266463705e-38
1.0327757218404043,0.01871498034848389,rs6771167,44403692,cc,343,0.0029154518950437317,4.011272316627393e-13
0.7514947190820171,0.0018151996967853943,rs11719686,44408397,cc,343,0.1836734693877551,5.610065345712127e-50
0.7514947190820171,0.0018151996967853943,rs4682971,44415912,cc,343,0.1836734693877551,5.610065345712127e-50
0.7514947190820171,0.0018151996967853943,rs9819635,44425991,cc,343,0.1836734693877551,5.610065345712127e-50
1.0327757218404043,0.01871498034848389,rs12633583,44430332,cc,343,0.0029154518950437317,4.011272316627393e-13
0.7514947190820171,0.0018151996967853943,rs13093862,44435280,cc,343,0.1836734693877551,5.610065345712127e-50
0.7514947190820171,0.0018151996967853943,rs7644467,44436513,cc,343,0.1836734693877551,5.610065345712127e-50
0.7514947190820171,0.0018151996967853943,rs4682743,44436888,cc,343,0.1836734693877551,5.610065345712127e-50
0.7514947190820171,0.0018151996967853943,rs4682976,44439244,cc,343,0.1836734693877551,5.610065345712127e-50
0.7514947190820171,0.0018151996967853943,rs4682977,44439401,cc,343,0.1836734693877551,5.610065345712127e-50
0.7514947190820171,0.0018151996967853943,rs13080889,44440003,cc,343,0.1836734693877551,5.610065345712127e-50
0.7514947190820171,0.0018151996967853943,rs7653843,44445341,cc,343,0.1836734693877551,5.610065345712127e-50
0.908948606148152,0.0179017818430537,rs6441841,44450564,cc,343,0.011661807580174927,4.868941590546937e-11
0.7545752527136114,0.0017771645059551369,rs12488257,44451894,cc,343,0.1836734693877551,5.0017411994570235e-51
0.8729026759488574,0.015396899079284456,rs7623794,44454943,cc,343,0.014577259475218658,1.094040984819167e-11
0.8263115740440193,0.003172661125782157,rs9855152,44458730,cc,343,0.09620991253644315,3.8755552834824865e-38
0.7998722654386483,0.002957181612871851,rs9865920,44460830,cc,343,0.11078717201166181,2.7260598762616723e-38
0.7998722654386483,0.002957181612871851,rs9846407,44461038,cc,343,0.11078717201166181,2.7260598762616723e-38
0.8929663816717068,0.004735422021261065,rs12492600,44461904,cc,343,0.052478134110787174,1.3814680517558874e-31
0.8511556905953895,0.0015480004338358033,rs9855433,44468065,cc,343,0.16034985422740525,5.250855141573167e-66
1.0257353020762712,0.019429165177631203,rs12637714,44481153,cc,343,0.0029154518950437317,1.3903849146134523e-12
0.8257971642453676,0.0032492554254666965,rs2372688,44485822,cc,343,0.09329446064139942,2.0233557020896575e-37
0.8257971642453676,0.0032492554254666965,rs4610267,44485914,cc,343,0.09329446064139942,2.0233557020896575e-37
0.9606642273283603,0.007825723646934912,rs11710965,44489880,cc,343,0.023323615160349854,8.413539027193633e-24
1.133894275667478,0.07323335991142824,rs13071725,44491243,cc,343,0.0029154518950437317,3.554182131788059e-05
0.8257971642453676,0.0032492554254666965,rs9311357,44497601,cc,343,0.09329446064139942,2.0233557020896575e-37
0.8547757414560527,0.0015577184125164525,rs7649834,44503732,cc,343,0.15743440233236153,4.210135310651841e-66
0.8547757414560527,0.0015577184125164525,rs4682745,44508967,cc,343,0.15743440233236153,4.210135310651841e-66
0.8864976367355051,0.0053211865487310045,rs13087917,44520267,cc,343,0.04664723032069971,1.7146691513233764e-28
1.0374001890795768,0.019017802454011343,rs4234447,44524674,cc,343,0.0029154518950437317,4.784236405954614e-13
1.0374001890795768,0.019017802454011343,rs12632439,44528949,cc,343,0.0029154518950437317,4.784236405954614e-13
0.8257971642453676,0.0032492554254666965,rs6802489,44530696,cc,343,0.09329446064139942,2.0233557020896575e-37
0.8257971642453676,0.0032492554254666965,rs13084236,44531477,cc,343,0.09329446064139942,2.0233557020896575e-37
0.8547757414560527,0.0015577184125164525,rs9850129,44532047,cc,343,0.15743440233236153,4.210135310651841e-66
0.8257971642453676,0.0032492554254666965,rs1129133,44533483,cc,343,0.09329446064139942,2.0233557020896575e-37
0.8255744972729144,0.0031580201166340276,rs7616113,44537471,cc,343,0.09620991253644315,3.209318521324436e-38
0.8381795038406998,0.0014792595449559373,rs12108134,44543030,cc,343,0.16909620991253643,1.2199146595859267e-66
1.0320348888877866,0.018719453096265593,rs6789709,44549251,cc,343,0.0029154518950437317,4.181466364568427e-13
0.9400869590914829,0.009309087426745419,rs4535266,44555187,cc,343,0.023323615160349854,5.87161341377419e-20
0.9400869590914829,0.009309087426745419,rs6807063,44557126,cc,343,0.023323615160349854,5.87161341377419e-20
0.8440987935175834,0.0033751007879627903,rs4334678,44564825,cc,343,0.08454810495626822,1.3804623969674492e-37
0.8445805024316186,0.0033931658775817283,rs13072696,44568820,cc,343,0.08454810495626822,1.8171593617738262e-37
0.9900081361711452,0.01803219938871947,rs1920013,44575840,cc,343,0.0058309037900874635,1.2726737899479207e-12
0.8153941293473688,0.0031530246735937007,rs2141574,44577236,cc,343,0.09912536443148688,1.486878719337227e-37
0.8153941293473688,0.0031530246735937007,rs2049777,44578288,cc,343,0.09912536443148688,1.486878719337227e-37
0.8134976886861502,0.0032524309133335877,rs9868821,44581342,cc,343,0.09620991253644315,1.5032293728402496e-36
0.8134976886861502,0.0032524309133335877,rs1078816,44584669,cc,343,0.09620991253644315,1.5032293728402496e-36
0.8515120973452888,0.14416615570896057,rs6808700,44592474,cc,343,0.029154518950437316,0.025560344239426075
1.0510509007381836,0.003573871371090047,rs1004631,44592979,cc,343,0.052478134110787174,9.526348583528608e-50
0.8134976886861502,0.0032524309133335877,rs1010031,44593523,cc,343,0.09620991253644315,1.5032293728402496e-36
0.9199881313500287,0.00852417635143088,rs6763832,44593620,cc,343,0.029154518950437316,1.0584389471046802e-20
0.864546605420351,0.0015179499002966686,rs1402751,44594030,cc,343,0.15451895043731778,3.2478018394121103e-68
0.8134976886861502,0.0032524309133335877,rs6441856,44596149,cc,343,0.09620991253644315,1.5032293728402496e-36
0.8134976886861502,0.0032524309133335877,rs6441857,44596896,cc,343,0.09620991253644315,1.5032293728402496e-36
0.864546605420351,0.0015179499002966686,rs2293600,44599103,cc,343,0.15451895043731778,3.2478018394121103e-68
0.984071798551215,0.018369334986835115,rs9853483,44602620,cc,343,0.0058309037900874635,2.6140040376207686e-12
0.8134976886861502,0.0032524309133335877,rs13066939,44602834,cc,343,0.09620991253644315,1.5032293728402496e-36
0.8430962871604646,0.0035050489653907623,rs6778955,44606071,cc,343,0.08163265306122448,1.859954275146797e-36
0.8430962871604646,0.0035050489653907623,rs13081859,44607013,cc,343,0.08163265306122448,1.859954275146797e-36
0.8134976886861502,0.0032524309133335877,rs9867336,44610458,cc,343,0.09620991253644315,1.5032293728402496e-36
0.8430962871604646,0.0035050489653907623,rs6768789,44610505,cc,343,0.08163265306122448,1.859954275146797e-36
0.8475031551897898,0.00437266288727288,rs9873604,44612050,cc,343,0.06705539358600583,5.581443475311911e-31
0.8430962871604646,0.0035050489653907623,rs2034475,44613014,cc,343,0.08163265306122448,1.859954275146797e-36
0.8430962871604646,0.0035050489653907623,rs13075175,44614918,cc,343,0.08163265306122448,1.859954275146797e-36
0.8515120973452888,0.14416615570896057,rs7624907,44617040,cc,343,0.029154518950437316,0.025560344239426075
0.8118596457580438,0.003278676420101383,rs6777333,44621326,cc,343,0.09620991253644315,3.24864020681356e-36
0.8419865616523665,0.003510516741474348,rs6441858,44625624,cc,343,0.08163265306122448,2.4312272357612642e-36
0.8134768301369348,0.003346166527497095,rs6441859,44625897,cc,343,0.09329446064139942,9.169668901638482e-36
0.9433898231652866,0.01568348802513714,rs939649,44632212,cc,343,0.014577259475218658,4.466492598026914e-13
0.8408787203011396,0.003855043641201363,rs10212298,44634629,cc,343,0.0728862973760933,9.401731640133464e-34
0.8722781107349815,0.0014051683481312743,rs13319803,44635461,cc,343,0.15743440233236153,1.8156606255960096e-72
0.8408787203011396,0.003855043641201363,rs35299873,44641169,cc,343,0.0728862973760933,9.401731640133464e-34
0.8408787203011396,0.003855043641201363,rs11711191,44641826,cc,343,0.0728862973760933,9.401731640133464e-34
0.8408787203011396,0.003855043641201363,rs13100919,44643857,cc,343,0.0728862973760933,9.401731640133464e-34
0.9214411926870903,0.009127406321933124,rs3898072,44644198,cc,343,0.026239067055393587,1.2531769811369968e-19
0.8722781107349815,0.0014051683481312743,rs6441861,44652287,cc,343,0.15743440233236153,1.8156606255960096e-72
1.0112504648313014,0.28958236463788956,rs13085822,44659256,cc,343,0.014577259475218658,0.06106754918685301
0.8408787203011396,0.003855043641201363,rs2009644,44660856,cc,343,0.0728862973760933,9.401731640133464e-34
0.8408787203011396,0.003855043641201363,rs1551063,44665285,cc,343,0.0728862973760933,9.401731640133464e-34
1.2054535680704195,0.17860893077694037,rs7623219,44668057,cc,343,0.023323615160349854,0.004604013178668525
0.8408787203011396,0.003855043641201363,rs6769283,44671217,cc,343,0.0728862973760933,9.401731640133464e-34
0.8408787203011396,0.003855043641201363,rs6769288,44671230,cc,343,0.0728862973760933,9.401731640133464e-34
0.8408787203011396,0.003855043641201363,rs11710959,44674664,cc,343,0.0728862973760933,9.401731640133464e-34
0.8408787203011396,0.003855043641201363,rs882450,44675015,cc,343,0.0728862973760933,9.401731640133464e-34
0.8408787203011396,0.003855043641201363,rs3863060,44676349,cc,343,0.0728862973760933,9.401731640133464e-34
0.8800415265409977,0.0014389082175693072,rs12635624,44678498,cc,343,0.15160349854227406,3.4086759421723e-72
0.8408787203011396,0.003855043641201363,rs11717797,44681393,cc,343,0.0728862973760933,9.401731640133464e-34
0.8408787203011396,0.003855043641201363,rs1608006,44682565,cc,343,0.0728862973760933,9.401731640133464e-34
0.906919752932015,0.01521986879688799,rs1402752,44687300,cc,343,0.014577259475218658,1.4597593147898607e-12
0.932455180214095,0.015743463742516468,rs6441863,44694506,cc,343,0.011661807580174927,8.675449039862453e-13
1.036222196358271,0.03639718608784203,rs6790697,44699926,cc,343,0.10787172011661808,1.0626367767960727e-07
0.8408787203011396,0.003855043641201363,rs1402753,44701738,cc,343,0.0728862973760933,9.401731640133464e-34
0.8541444192640835,0.0012219650239910149,rs6809116,44712097,cc,343,0.18075801749271136,5.268284656489791e-77
0.8403730904348864,0.003833648157474798,rs11709024,44727553,cc,343,0.0728862973760933,7.233443281797165e-34
0.8501825698648801,0.0011738507924862738,rs6778410,44743993,cc,343,0.18950437317784258,1.7922578249185139e-78
0.7395416127401799,0.00214214982147238,rs954282,44753363,cc,343,0.16326530612244897,2.542413410686885e-43
0.9842531920000919,0.03284695855508784,rs17076938,44761729,cc,343,0.0029154518950437317,1.0667397358524459e-07
1.3051917329161344,0.2388293510165026,rs6441866,44762112,cc,343,0.01749271137026239,0.007930262457790571
0.8515120973452888,0.14416615570896057,rs6798400,44762392,cc,343,0.029154518950437316,0.025560344239426075
0.7268146939832147,0.0016355171963166673,rs7640654,44763037,cc,343,0.20116618075801748,2.5521621593469666e-51
1.0266875420442387,0.03994324153235964,rs17376517,44765221,cc,343,0.0029154518950437317,4.697756808704784e-07
0.7281555369180406,0.0016647593981054976,rs725866,44765533,cc,343,0.19825072886297376,8.18275738214459e-51
0.7607818601405647,0.0022828042746895643,rs2257995,44770943,cc,343,0.1457725947521866,4.233248820167655e-43
0.7607818601405647,0.0022828042746895643,rs2279908,44771128,cc,343,0.1457725947521866,4.233248820167655e-43
0.7607818601405647,0.0022828042746895643,rs3796178,44772815,cc,343,0.1457725947521866,4.233248820167655e-43
0.7607818601405647,0.0022828042746895643,rs7650048,44774720,cc,343,0.1457725947521866,4.233248820167655e-43
0.7607818601405647,0.0022828042746895643,rs4429669,44775325,cc,343,0.1457725947521866,4.233248820167655e-43
0.7607818601405647,0.0022828042746895643,rs4682752,44775962,cc,343,0.1457725947521866,4.233248820167655e-43
0.7630179025829529,0.0022513540601306003,rs11922470,44777795,cc,343,0.1457725947521866,9.920161527106917e-44
0.7607818601405647,0.0022828042746895643,rs6764293,44782237,cc,343,0.1457725947521866,4.233248820167655e-43
0.9373398925224872,0.1304184779980447,rs7614910,44783331,cc,343,0.03206997084548105,0.00985125209699704
0.9253682835251831,0.005578293298374246,rs17554407,44784591,cc,343,0.03498542274052478,2.2452635098868356e-29
0.7281555369180406,0.0016647593981054976,rs2372828,44784949,cc,343,0.19825072886297376,8.18275738214459e-51
0.9769596654341282,0.03203926992152058,rs4682993,44795238,cc,343,0.0029154518950437317,9.264566366483578e-08
0.7281555369180406,0.0016647593981054976,rs9311361,44796132,cc,343,0.19825072886297376,8.18275738214459e-51
1.1275185979308102,0.12927025544083473,rs17624976,44798608,cc,343,0.03206997084548105,0.0018612789670411811
0.9769596654341282,0.03203926992152058,rs4682994,44803130,cc,343,0.0029154518950437317,9.264566366483578e-08
0.7607818601405647,0.0022828042746895643,rs937834,44803723,cc,343,0.1457725947521866,4.233248820167655e-43
0.7607818601405647,0.0022828042746895643,rs7653392,44805876,cc,343,0.1457725947521866,4.233248820167655e-43
0.7607818601405647,0.0022828042746895643,rs6441867,44810107,cc,343,0.1457725947521866,4.233248820167655e-43
0.7903955674948658,0.0033792346987412806,rs2372827,44814073,cc,343,0.09620991253644315,5.843062786018189e-34
0.8515120973452888,0.14416615570896057,rs6770793,44818836,cc,343,0.029154518950437316,0.025560344239426075
0.9769596654341282,0.03203926992152058,rs4682996,44819436,cc,343,0.0029154518950437317,9.264566366483578e-08
1.0627944875036748,0.034206569820050894,rs7634877,44822675,cc,343,0.11370262390670553,2.0183726768172293e-08
0.7649064050615721,0.002159241138566358,rs7642843,44827793,cc,343,0.15160349854227406,2.9997433411121995e-45
0.8499768838394652,0.14417379357113574,rs7632431,44829026,cc,343,0.029154518950437316,0.02582907311061483
0.8875265875247365,0.00586918985667724,rs11710692,44834986,cc,343,0.04081632653061224,2.0959901727930447e-26
1.0384548369505597,0.09437098524719462,rs11717208,44840884,cc,343,0.043731778425655975,0.0008074687800900582
0.7419369858217969,0.0015844601253722375,rs3762636,44854563,cc,343,0.19533527696793002,5.24917878769291e-54
0.9758475662813277,0.030462435423228493,rs6792918,44857004,cc,343,0.0029154518950437317,4.61968893140139e-08
1.0531231502634606,0.023847156653908026,rs9849390,44868381,cc,343,0.0029154518950437317,4.1486236197834954e-11
0.9758475662813277,0.030462435423228493,rs7340559,44871986,cc,343,0.0029154518950437317,4.61968893140139e-08
1.0634040283040727,0.004474668612202824,rs10514710,44883971,cc,343,0.04664723032069971,5.3710189456044176e-43
0.7387096585459042,0.0015776470402184854,rs3804583,44884647,cc,343,0.19825072886297376,7.680722730621709e-54
0.7463626843937106,0.0016292233084934061,rs3804580,44892033,cc,343,0.18950437317784258,2.0744657937885899e-53
0.8531662547534766,0.003676668884768408,rs7622843,44907228,cc,343,0.0728862973760933,8.565461847340079e-36
0.7759612896897811,0.0022038241923096704,rs2888422,44911097,cc,343,0.14285714285714285,1.6005550503717005e-45
0.7505779162620829,0.001802874908216363,rs7616538,44912255,cc,343,0.1836734693877551,3.923305872220326e-50
0.8651549697426528,0.003906684111147664,rs1506659,44912443,cc,343,0.06705539358600583,6.612108209165867e-35
0.9020580838597085,0.013350439033038744,rs870950,44913713,cc,343,0.01749271137026239,7.218600692590802e-14
0.8240235797609723,0.0036194136652030425,rs17631716,44915603,cc,343,0.08746355685131195,2.401897970429773e-34
1.0131781848714414,0.021792730152653136,rs7621143,44915992,cc,343,0.0058309037900874635,3.1737112516515006e-11
0.9838737708154955,0.031189626980637455,rs13076123,44916233,cc,343,0.008746355685131196,5.1362875600827996e-08
0.8528378519064828,0.16041357681257262,rs9833819,44917676,cc,343,0.026239067055393587,0.03393965024768383
0.8184043003166616,0.003561798492420234,rs12632450,44917735,cc,343,0.09037900874635568,2.080026134634433e-34
0.9020580838597085,0.013350439033038744,rs17076998,44917850,cc,343,0.01749271137026239,7.218600692590802e-14
0.8253444354586847,0.003613043556605008,rs1532898,44922141,cc,343,0.08746355685131195,1.7743973330082683e-34
0.8962985805371808,0.014274457743297367,rs12634217,44928484,cc,343,0.014577259475218658,5.477724822607859e-13
0.8240428262938742,0.0031654080434791437,rs2011446,44931692,cc,343,0.09620991253644315,4.794461680665787e-38
0.9172889040854053,0.005362504932740953,rs937837,44932270,cc,343,0.037900874635568516,6.919572896463674e-30
1.0366096270753036,0.02207978064857214,rs9816639,44934381,cc,343,0.0058309037900874635,1.577332259437127e-11
0.9828392491868407,0.0034004644575649267,rs6768893,44939120,cc,343,0.06997084548104957,7.953235463136209e-47
0.744942734916968,0.001980479011118574,rs1109412,44940413,cc,343,0.1749271137026239,2.30236286936005e-46
0.7585560469078265,0.00207809460878119,rs4682756,44942121,cc,343,0.16909620991253643,5.755279190884003e-46
0.7512779154355615,0.002043750757430317,rs1995640,44943069,cc,343,0.1749271137026239,7.035238456620756e-46
0.7512779154355615,0.002043750757430317,rs1995641,44943389,cc,343,0.1749271137026239,7.035238456620756e-46
0.7398000213153307,0.0016432932974169631,rs3749195,44948479,cc,343,0.20699708454810495,1.9426842236237913e-52
0.8528378519064828,0.16041357681257262,rs17077022,44948491,cc,343,0.026239067055393587,0.03393965024768383
0.7398000213153307,0.0016432932974169631,rs9876921,44948590,cc,343,0.20699708454810495,1.9426842236237913e-52
0.7398000213153307,0.0016432932974169631,rs4622937,44948770,cc,343,0.20699708454810495,1.9426842236237913e-52
0.7398000213153307,0.0016432932974169631,rs6441872,44951434,cc,343,0.20699708454810495,1.9426842236237913e-52
0.7398000213153307,0.0016432932974169631,rs6777798,44952942,cc,343,0.20699708454810495,1.9426842236237913e-52
0.8624362717251454,0.005213351484612786,rs17077039,44953974,cc,343,0.052478134110787174,1.009587707484784e-27
0.7387994594813254,0.0015703906024498466,rs1007,44955530,cc,343,0.2099125364431487,5.0516710625717533e-54
0.7387994594813254,0.0015703906024498466,rs6622,44956860,cc,343,0.2099125364431487,5.0516710625717533e-54
0.9615392850313411,0.009693754609926313,rs3749193,44958125,cc,343,0.02040816326530612,4.9324112399973244e-20
0.7387994594813254,0.0015703906024498466,rs6789458,44960561,cc,343,0.2099125364431487,5.0516710625717533e-54
0.7401179984331012,0.001634741231425052,rs2372849,44963967,cc,343,0.20699708454810495,1.1607229136991035e-52
0.7398000213153307,0.0016432932974169631,rs4683011,44969721,cc,343,0.20699708454810495,1.9426842236237913e-52
0.9423705798222305,0.008831939999096403,rs885270,44979265,cc,343,0.026239067055393587,6.469985149782452e-21
0.7398000213153307,0.0016432932974169631,rs9877753,44983939,cc,343,0.20699708454810495,1.9426842236237913e-52
0.9423705798222305,0.008831939999096403,rs3749189,44986836,cc,343,0.026239067055393587,6.469985149782452e-21
0.7387994594813254,0.0015703906024498466,rs6785961,44989600,cc,343,0.2099125364431487,5.0516710625717533e-54
0.7398000213153307,0.0016432932974169631,rs9810846,44990471,cc,343,0.20699708454810495,1.9426842236237913e-52
0.7387994594813254,0.0015703906024498466,rs6781154,44992695,cc,343,0.2099125364431487,5.0516710625717533e-54
0.9752065648079224,0.0032891857832760855,rs17368353,44995128,cc,343,0.06997084548104957,1.9946618951034899e-47
0.9444280790574257,0.00891057795015109,rs7633765,44995307,cc,343,0.026239067055393587,7.717592374575594e-21
0.7387994594813254,0.0015703906024498466,rs1401928,45002343,cc,343,0.2099125364431487,5.0516710625717533e-54
0.7387994594813254,0.0015703906024498466,rs6764811,45003801,cc,343,0.2099125364431487,5.0516710625717533e-54
0.8528378519064828,0.16041357681257262,rs17077079,45007063,cc,343,0.026239067055393587,0.03393965024768383
0.7387994594813254,0.0015703906024498466,rs6781650,45008298,cc,343,0.2099125364431487,5.0516710625717533e-54
0.7387994594813254,0.0015703906024498466,rs1533677,45012782,cc,343,0.2099125364431487,5.0516710625717533e-54
0.7579427183998356,0.002005034445379027,rs6441874,45017905,cc,343,0.1661807580174927,4.0729480099225204e-47
0.7827555869558358,0.0011697212422880083,rs4683014,45019060,cc,343,0.23323615160349853,5.787731222182425e-71
0.9650244953372706,0.009074260015689974,rs11707321,45022096,cc,343,0.023323615160349854,2.8833066376692517e-21
0.7537483092599111,0.0019868183273199815,rs871085,45025133,cc,343,0.16909620991253643,4.751828320309813e-47
0.7827555869558358,0.0011697212422880083,rs4683016,45030282,cc,343,0.23323615160349853,5.787731222182425e-71
1.0816520477991616,0.019799071680863582,rs7631259,45030749,cc,343,0.0058309037900874635,1.6111704540913492e-13
0.7827555869558358,0.0011697212422880083,rs4683017,45034411,cc,343,0.23323615160349853,5.787731222182425e-71
0.7827555869558358,0.0011697212422880083,rs9835136,45036175,cc,343,0.23323615160349853,5.787731222182425e-71
0.7770123899937281,0.0022206556380253728,rs6441877,45037670,cc,343,0.1457725947521866,2.3242021274715942e-45
0.7776302109909168,0.0022178471852709507,rs6764088,45043993,cc,343,0.1457725947521866,1.8704751269726617e-45
0.7360032210590821,0.0014015134130165874,rs4683021,45044878,cc,343,0.22740524781341107,4.1020110795435314e-58
0.7360032210590821,0.0014015134130165874,rs11130040,45049186,cc,343,0.22740524781341107,4.1020110795435314e-58
0.7776302109909168,0.0022178471852709507,rs9819447,45057626,cc,343,0.1457725947521866,1.8704751269726617e-45
0.7799933314869418,0.0021220497630203643,rs2372862,45059611,cc,343,0.1457725947521866,3.875896869953191e-47
0.9863147344023528,0.016403697585455547,rs11919920,45060956,cc,343,0.008746355685131196,1.4694876911931998e-13
1.0816520477991616,0.019799071680863582,rs17570350,45061050,cc,343,0.0058309037900874635,1.6111704540913492e-13
1.000226220260402,0.01958027751163438,rs11924033,45061073,cc,343,0.0058309037900874635,5.35794968022736e-12
0.7704159407365156,0.002064143716667733,rs17570449,45062095,cc,343,0.15451895043731778,3.0746263506861483e-47
0.9812271958215808,0.020779332146532065,rs17077124,45062160,cc,343,0.0058309037900874635,4.483022451276514e-11
0.8651282751511329,0.004371480280911374,rs4683028,45074782,cc,343,0.0641399416909621,5.34950327912443e-32
0.7795883705452802,0.00213432685025836,rs9868885,45075499,cc,343,0.1457725947521866,6.596018744734556e-47
0.7795883705452802,0.00213432685025836,rs939310,45075932,cc,343,0.1457725947521866,6.596018744734556e-47
0.7795883705452802,0.00213432685025836,rs4683029,45076823,cc,343,0.1457725947521866,6.596018744734556e-47
0.7772099418305962,0.0022306485760146253,rs13963,45077123,cc,343,0.1457725947521866,3.1445455185309436e-45
1.0585912831157747,0.04716688156966388,rs6806004,45081201,cc,343,0.08454810495626822,1.6746435093179118e-06
0.7828929960908255,0.0021508576911554427,rs6772941,45081677,cc,343,0.14285714285714285,6.223968744463931e-47
0.7376592422464223,0.0014251553600602243,rs2056321,45083133,cc,343,0.22448979591836735,1.2440813230413032e-57
1.018024345352929,0.02219143547668307,rs6790913,45083521,cc,343,0.0029154518950437317,3.802246245620473e-11
0.8650152166851499,0.16035241036972941,rs11924100,45083741,cc,343,0.026239067055393587,0.031454529899694245
0.9894327533683829,0.00413683583473695,rs10514712,45083928,cc,343,0.05830903790087463,5.921754836121813e-41
0.9874487829558476,0.004148303888763716,rs2056320,45092415,cc,343,0.05830903790087463,9.52575265165897e-41
1.0854136052377497,0.020536549548621948,rs7647252,45092485,cc,343,0.0058309037900874635,3.4082930715252814e-13
0.7828929960908255,0.0021508576911554427,rs4323037,45092806,cc,343,0.14285714285714285,6.223968744463931e-47
0.8650152166851499,0.16035241036972941,rs17077153,45094414,cc,343,0.026239067055393587,0.031454529899694245
1.0349711420677994,0.021662217782437532,rs7618668,45097509,cc,343,0.0029154518950437317,1.1133430924195081e-11
1.0464740793134835,0.020779282577160562,rs7611795,45098350,cc,343,0.0029154518950437317,2.6327875171946566e-12
0.8002532093156578,0.0027567819430895663,rs4683033,45101804,cc,343,0.11661807580174927,2.161810630042749e-40
0.8468336428812415,0.00470714849748488,rs879996,45103022,cc,343,0.06705539358600583,3.3588783181937165e-29
0.8777722659291859,0.004079860537722324,rs1915084,45106213,cc,343,0.06997084548104957,1.6031591958750608e-34
0.9386407363548464,0.006028914475632748,rs939312,45106827,cc,343,0.037900874635568516,2.9610740422869193e-28
0.8394593254106689,0.001893179676046254,rs939313,45108163,cc,343,0.14285714285714285,1.2231203832627487e-56
0.8466833004899557,0.0018257646788199379,rs4683035,45111148,cc,343,0.14285714285714285,9.750496303496764e-59
0.7917525175376564,0.0018611380591671176,rs11130043,45111239,cc,343,0.16326530612244897,7.4770416711332e-53
1.0181735238337426,0.009800907100528175,rs2372857,45111566,cc,343,0.014577259475218658,8.539272506113379e-22
0.8930430665926972,0.00498236545739826,rs12635851,45114302,cc,343,0.052478134110787174,2.3334192634264303e-30
0.9222334501296071,0.007742923206129529,rs6773576,45117173,cc,343,0.026239067055393587,1.7917522785919896e-22
0.7337889868644007,0.0017203310807372622,rs6801821,45120140,cc,343,0.20408163265306123,3.435091260118486e-50
0.9247507919331527,0.007658287872194519,rs11063,45124169,cc,343,0.026239067055393587,8.95236530490404e-23
0.9268854615395061,0.00757667000435511,rs12947,45124351,cc,343,0.026239067055393587,4.6528113005045196e-23
0.8957758270498908,0.004619771251117332,rs4682765,45125566,cc,343,0.05539358600583091,2.3348736941720105e-32
0.9311081523334785,0.004175400768970606,rs4683038,45125720,cc,343,0.04664723032069971,4.069930712534299e-37
1.0075444223226786,0.023154282493656045,rs9863819,45125780,cc,343,0.0058309037900874635,1.379838776184635e-10
0.7472973001606814,0.0015821782025410465,rs2176804,45126558,cc,343,0.2099125364431487,1.3284081319572437e-54
0.8867163919237944,0.003979356630177427,rs17077237,45127786,cc,343,0.06997084548104957,9.697603960031095e-36
1.2981589738658919,0.23888288533885368,rs6441886,45128097,cc,343,0.01749271137026239,0.008276643520668456
1.0372015398482777,0.016359257445385005,rs6784502,45130158,cc,343,0.008746355685131196,9.199061876165001e-15
0.9480642357522785,0.008207873049679537,rs7618923,45130725,cc,343,0.02040816326530612,2.0373877918976252e-22
0.9038721890600212,0.0033254618729432017,rs7630537,45131018,cc,343,0.07580174927113703,4.151241702332066e-42
0.7799693697357926,0.0015011531477859136,rs11928049,45131902,cc,343,0.19825072886297376,5.266909027988745e-60
0.7885071831913919,0.001776293121977372,rs11916758,45131916,cc,343,0.1749271137026239,2.749427948501343e-54
0.9551782563757142,0.0111328544049952,rs17634308,45132087,cc,343,0.01749271137026239,1.0804069472036235e-17
0.7928598068012974,0.0020837937375555345,rs1879240,45132637,cc,343,0.15451895043731778,6.828448290159757e-49
0.9632465924206401,0.007887458880967079,rs4683043,45133774,cc,343,0.029154518950437316,9.391167977977433e-24
0.8667905814006013,0.0021439789395446907,rs6441888,45133906,cc,343,0.119533527696793,2.4825167205954425e-54
0.8034643687588205,0.002402331711151671,rs3749191,45134822,cc,343,0.13702623906705538,5.632809298738641e-45
0.7604939558150237,0.0013189202189008245,rs2037358,45137087,cc,343,0.22448979591836735,3.028312392071069e-63
0.957317785496693,0.01194892534506052,rs17077267,45138515,cc,343,0.014577259475218658,9.357110515820234e-17
1.016057656414861,0.008063656826397234,rs6775113,45139101,cc,343,0.02040816326530612,1.9908070563278087e-25
0.954763316123023,0.008251466361368408,rs1079472,45140266,cc,343,0.026239067055393587,1.4089492841801054e-22
0.8779940328673501,0.0029519002875274137,rs4579052,45145019,cc,343,0.08454810495626822,4.798544752736626e-44
0.7623005168043486,0.0016560603779085625,rs6779858,45148674,cc,343,0.19533527696793002,2.2158813031080445e-54
0.957574661898236,0.00607851768593705,rs5007171,45149708,cc,343,0.03498542274052478,5.662349511060591e-29
0.7412157402986257,0.0013668627894262032,rs7622825,45150121,cc,343,0.22740524781341107,1.1282955929923415e-59
0.997012681746972,0.012823171486525177,rs7428429,45151576,cc,343,0.023323615160349854,6.666303172605669e-17
0.8204909850370095,0.007983008691061576,rs6778556,45153422,cc,343,0.037900874635568516,4.1064482084828876e-18
0.7658050029446044,0.001364923129207636,rs12494480,45154357,cc,343,0.21574344023323616,2.1333780474160224e-62
0.8634062783162446,0.004753259698191873,rs4683045,45154868,cc,343,0.06705539358600583,7.09921001165258e-30
0.7961192167089463,0.0024876049769468134,rs4683047,45155294,cc,343,0.13411078717201166,2.9599714765109317e-43
0.9686335509171514,0.03382813909396229,rs6441889,45157110,cc,343,0.0029154518950437317,2.464177476952668e-07
1.0661034599825134,0.00896963897844816,rs7625872,45157568,cc,343,0.01749271137026239,3.2251994149881285e-25
0.9974387857536529,0.007768810668294592,rs13325398,45161070,cc,343,0.029154518950437316,1.96657799285386e-25
0.8501049145847381,0.00427495129185425,rs7633005,45161260,cc,343,0.0728862973760933,1.1056389543950563e-31
0.9378500342866196,0.09495234712314372,rs7630759,45161293,cc,343,0.043731778425655975,0.002519126327307805
0.965859997668622,0.10176244435099184,rs4431152,45161862,cc,343,0.04081632653061224,0.0026509271554465523
1.0613047039853567,0.00920962570859773,rs9876540,45162316,cc,343,0.01749271137026239,1.6450911532549608e-24
0.8300105999442418,0.002659303229356552,rs6441891,45166223,cc,343,0.11370262390670553,8.695664871328776e-44
0.7596065562994758,0.0016912946728409514,rs12485464,45169129,cc,343,0.18658892128279883,2.507620723920343e-53
0.7637599043361663,0.0017283086612648682,rs4682769,45170095,cc,343,0.18075801749271136,6.277357919743182e-53
0.9866143838406002,0.017192990517047733,rs11916555,45170505,cc,343,0.0029154518950437317,4.727137806735422e-13
0.9118796052749719,0.009365920431141775,rs10490812,45177006,cc,343,0.03498542274052478,6.812052497725556e-19
0.9118796052749719,0.009365920431141775,rs7652999,45177308,cc,343,0.03498542274052478,6.812052497725556e-19
0.9118796052749719,0.009365920431141775,rs4682770,45177881,cc,343,0.03498542274052478,6.812052497725556e-19
0.9018469533967269,0.010683120644856702,rs7633169,45185519,cc,343,0.03206997084548105,1.182622969758609e-16
0.8104802892066938,0.0033038122104216815,rs9832992,45188698,cc,343,0.10204081632653061,6.54042346557063e-36
0.810002233061661,0.0023340756885079287,rs7629057,45189453,cc,343,0.13702623906705538,1.8000440620678916e-46
0.8027732536689627,0.003230562104417766,rs7636990,45189580,cc,343,0.10787172011661808,5.30463313062586e-36
0.9666056831860255,0.01846895708606406,rs4683068,45192973,cc,343,0.011661807580174927,6.705581119102087e-12
0.8735831440455064,0.005806280674505174,rs7651325,45196743,cc,343,0.052478134110787174,5.736249525765155e-26
0.9263377988513259,0.005110006263224913,rs4683070,45199620,cc,343,0.05830903790087463,1.6145234447340126e-31
0.7798449142323071,0.0013475345804282836,rs4683071,45199631,cc,343,0.21282798833819241,1.8608358146923946e-64
0.7799219236336448,0.001340518597349051,rs2059757,45199948,cc,343,0.21282798833819241,1.0966097951622513e-64
1.3507343050240492,0.36038088332808743,rs6803168,45200464,cc,343,0.011661807580174927,0.025082028992254746
0.8735831440455064,0.005806280674505174,rs11719352,45201862,cc,343,0.052478134110787174,5.736249525765155e-26
0.9530223728692755,0.10987217941575275,rs11130047,45203447,cc,343,0.037900874635568516,0.004291402290538234
0.8319538980111183,0.0019405745861141536,rs4683072,45203896,cc,343,0.14868804664723032,5.335875524898596e-55
0.9116074225137887,0.005434945541507949,rs7618987,45206115,cc,343,0.05539358600583091,2.768037386057991e-29
0.9116074225137887,0.005434945541507949,rs7621542,45206484,cc,343,0.05539358600583091,2.768037386057991e-29
1.0107221590470172,0.028814343633080358,rs12485296,45209233,cc,343,0.008746355685131196,6.4813744172057675e-09
0.7743435996655269,0.002789811500794231,rs4683077,45210212,cc,343,0.1282798833819242,4.2289342159368207e-38
0.8648855839565246,0.0035720875859534137,rs9856692,45211044,cc,343,0.09329446064139942,2.3402088643797657e-37
0.8648855839565246,0.0035720875859534137,rs9856728,45211102,cc,343,0.09329446064139942,2.3402088643797657e-37
1.0245300946378229,0.017248348082235222,rs17270895,45211361,cc,343,0.008746355685131196,7.517712696012224e-14
0.7725758236035193,0.0022736092014735243,rs9857201,45211399,cc,343,0.16909620991253643,3.24372441650854e-44
0.7686738607494589,0.0017224880783358138,rs12330287,45212132,cc,343,0.20408163265306123,1.5704526387752478e-53
0.931948603556956,0.004848638394306963,rs9811805,45214746,cc,343,0.05539358600583091,3.8463944873582416e-33
0.8055751619233995,0.0029786898498199306,rs12485827,45214850,cc,343,0.1282798833819242,1.7133874354724836e-38
0.8161048735432124,0.0035109943803512626,rs9817295,45215803,cc,343,0.09329446064139942,1.2188939519219818e-34
0.931948603556956,0.004848638394306963,rs9837067,45215872,cc,343,0.05539358600583091,3.8463944873582416e-33
0.7937348867910657,0.002460387487708656,rs4683081,45216880,cc,343,0.15160349854227406,2.050376302387711e-43
0.805609670765713,0.0029623272484787123,rs4683082,45216928,cc,343,0.1282798833819242,1.1781110799447246e-38
0.9180875015138706,0.0101463087425218,rs10490814,45217643,cc,343,0.029154518950437316,6.843149326659302e-18
0.930995679974628,0.004891332690444522,rs17211554,45217655,cc,343,0.05539358600583091,7.271362454105049e-33
0.9180875015138706,0.0101463087425218,rs11918392,45218089,cc,343,0.029154518950437316,6.843149326659302e-18
0.930995679974628,0.004891332690444522,rs9858036,45219578,cc,343,0.05539358600583091,7.271362454105049e-33
0.7485824912481149,0.001597895925581154,rs6767173,45220085,cc,343,0.21574344023323616,2.3273208876428706e-54
1.017166796770563,0.020569327811349018,rs6764677,45220203,cc,343,0.0058309037900874635,7.625233739183556e-12
0.7712645806454584,0.002393055276002669,rs12492153,45221574,cc,343,0.16034985422740525,1.7843224602724045e-42
0.7368623950934501,0.0013676573769211724,rs7627767,45221692,cc,343,0.24198250728862974,3.5339735411614207e-59
1.0079035606897317,0.013105033370851935,rs6441898,45221916,cc,343,0.008746355685131196,6.669293027002606e-17
0.766272026614092,0.002290962927119972,rs12497339,45223641,cc,343,0.1661807580174927,1.915993189023109e-43
0.7157517768362405,0.0011617950436978693,rs6799689,45226973,cc,343,0.27113702623906705,1.7687805170711772e-63
0.9128432873550405,0.011364090177462427,rs17077435,45227101,cc,343,0.026239067055393587,3.7966819615497016e-16
0.7988945754647727,0.0034340494878459618,rs1017299,45229193,cc,343,0.11370262390670553,4.241892318864628e-34
