beta,varbeta,snp,pos,type,N,MAF,pval
0.3418567936012182,0.002236484304966747,rs5762511,28575543,cc,343,0.023323615160349854,3.2078407065738226e-12
0.42174421513235927,0.008200293019910869,rs6005735,28579487,cc,343,0.0029154518950437317,4.593227880669213e-06
0.33372555473477,0.0009046091298395114,rs7284814,28583738,cc,343,0.08163265306122448,1.2165246711470192e-24
0.3302306809822475,0.0009165201366783945,rs8140229,28586674,cc,343,0.08163265306122448,5.664289674998173e-24
0.3872725221956755,0.004952239505731704,rs9613573,28598630,cc,343,0.0029154518950437317,7.326116128080632e-08
0.3518983059094514,0.0008530511880233023,rs9613574,28604583,cc,343,0.07580174927113703,4.174286138105728e-28
0.45558772210470744,0.004687612562427905,rs7285440,28612297,cc,343,0.0058309037900874635,1.1328913826698011e-10
0.3398386668820108,0.0020533796887010165,rs134170,28612645,cc,343,0.029154518950437316,5.561874924775376e-13
0.4485740319972682,0.004353187413572376,rs12167735,28616080,cc,343,0.0029154518950437317,4.7135086967055405e-11
0.29990847956616873,0.00036383724017853255,rs134173,28618454,cc,343,0.2303206997084548,2.651229837417809e-42
0.4646086994485219,0.004075061130160484,rs9620778,28620584,cc,343,0.0029154518950437317,2.3379158246385498e-12
0.35503797195042064,0.0008824513358455117,rs5752710,28620907,cc,343,0.06997084548104957,9.49916596057609e-28
0.45351973897907183,0.0038238611837007126,rs9625433,28620996,cc,343,0.0029154518950437317,1.6313614307282567e-12
0.3042978110525649,0.0003072066818291845,rs5762528,28623364,cc,343,0.2536443148688047,7.313951367261186e-49
0.3057155246043275,0.00034699710091415804,rs134176,28624319,cc,343,0.22740524781341107,4.7259447867069325e-45
0.31807605962914615,0.0005346862737010538,rs5762532,28628209,cc,343,0.13702623906705538,1.4233138850402634e-34
0.33065111940411157,0.0009157076802421572,rs134180,28630787,cc,343,0.08163265306122448,4.861199095259142e-24
0.3615132349923579,0.00210939601424051,rs5762534,28633571,cc,343,0.02040816326530612,4.679282488757297e-14
0.33980231347061673,0.0018586239507265448,rs134185,28635673,cc,343,0.029154518950437316,4.354697313391161e-14
0.3070611494867237,0.0011993967152991874,rs134187,28641134,cc,343,0.05830903790087463,4.248543043342574e-17
0.34387270085697874,0.001713221875093596,rs738996,28645300,cc,343,0.03498542274052478,2.3105061130904404e-15
0.35380690241692136,0.001045848891337962,rs2223369,28647371,cc,343,0.061224489795918366,4.350058355837101e-24
0.4672993060244874,0.003597106121916234,rs134194,28653899,cc,343,0.0029154518950437317,8.016803171834483e-14
0.46654713209039655,0.011223259625251236,rs134195,28656691,cc,343,0.0728862973760933,1.4239210824011412e-05
0.3285926941371077,0.0064227609301747675,rs9608675,28660525,cc,343,0.0029154518950437317,5.163745428391088e-05
0.32138422821196855,0.0006019301793111381,rs9306454,28663405,cc,343,0.12244897959183673,4.7053253161563125e-32
0.46294681975928176,0.003670330628044805,rs134197,28663507,cc,343,0.0029154518950437317,2.1824267912637637e-13
0.33323991226332617,0.0007192843994097054,rs5762541,28666961,cc,343,0.09620991253644315,1.653845458140454e-29
0.3533350224565779,0.0009950128273092074,rs2056962,28672406,cc,343,0.0641399416909621,5.095565023982385e-25
0.8555651983806929,0.14610605532175724,rs5762546,28674333,cc,343,0.0058309037900874635,0.02584432110631009
0.29679588541208884,0.00046913129255277293,rs6005754,28682616,cc,343,0.1749271137026239,2.277148883907127e-34
0.379111530352204,0.0011080630656978405,rs5752718,28691681,cc,343,0.052478134110787174,1.0762294127794434e-25
0.381405141598677,0.00717702804453171,rs1072967,28694210,cc,343,0.0029154518950437317,9.240693070916565e-06
0.29550412196900655,0.0003306245885080877,rs5762553,28704361,cc,343,0.2478134110787172,2.0654224453451725e-44
0.41701409848654425,0.007727428375351422,rs16986290,28705589,cc,343,0.0029154518950437317,3.084571336642735e-06
0.43709077717997064,0.0027357431508388953,rs5997355,28714212,cc,343,0.011661807580174927,1.6401992621369789e-15
0.45899581581119564,0.002715364291756288,rs1297607,28719656,cc,343,0.0058309037900874635,6.480574223530476e-17
0.3280367376783253,0.0009004907097639552,rs1303845,28722535,cc,343,0.08454810495626822,4.6737946085907704e-24
0.45795944583085146,0.0026811276346695684,rs134488,28728344,cc,343,0.0058309037900874635,4.985108835710885e-17
0.3535086726415998,0.0009822897594128214,rs9608677,28741745,cc,343,0.0641399416909621,2.6762685095292224e-25
0.47880448149895816,0.01677041830441746,rs134503,28744586,cc,343,0.04956268221574344,0.0002537161432295252
0.45847725669575756,0.0027546119984583595,rs134506,28752505,cc,343,0.0058309037900874635,1.0991196527225891e-16
0.32828180265088824,0.0009000204153631416,rs134507,28753833,cc,343,0.08454810495626822,4.271264997697936e-24
0.4395561368445394,0.009318151806463103,rs16986354,28754648,cc,343,0.08746355685131195,7.344899187314576e-06
0.47880448149895816,0.01677041830441746,rs134510,28756039,cc,343,0.04956268221574344,0.0002537161432295252
0.47880448149895816,0.01677041830441746,rs79107,28756710,cc,343,0.04956268221574344,0.0002537161432295252
0.4083091731088429,0.0037481361235716143,rs5752726,28757950,cc,343,0.0029154518950437317,1.034312248378233e-10
0.45319940335387504,0.002487911620803265,rs134514,28762034,cc,343,0.008746355685131196,8.450230968085466e-18
0.4083091731088429,0.0037481361235716143,rs1534884,28772817,cc,343,0.0029154518950437317,1.034312248378233e-10
0.3027300766242188,0.0005290542642935417,rs134529,28781758,cc,343,0.15160349854227406,2.72780822176253e-32
0.4567995056159668,0.0036868627028817666,rs738200,28792887,cc,343,0.0029154518950437317,4.767409332010411e-13
0.37904797944459534,0.006475071298547398,rs5997363,28794069,cc,343,0.0058309037900874635,3.5979596381991256e-06
0.3520822859798669,0.0010038643022012943,rs2346395,28795080,cc,343,0.0641399416909621,1.0615896770933595e-24
0.3275198367002313,0.000896521790387476,rs134541,28795263,cc,343,0.08454810495626822,4.417399953276752e-24
0.30478296440053315,0.0005406929923939673,rs134545,28799080,cc,343,0.1457725947521866,4.3879331784396933e-32
0.31994662614618125,0.0006046260230569816,rs7288416,28799436,cc,343,0.12244897959183673,1.0147666450479815e-31
0.44930938467575865,0.002778946711176367,rs134547,28801009,cc,343,0.0058309037900874635,5.043503426883387e-16
0.3312641248049139,0.000894269016441946,rs134548,28802478,cc,343,0.08454810495626822,1.4145510375182055e-24
0.4080400147553298,0.00731560885034351,rs6005779,28807277,cc,343,0.0029154518950437317,2.723935901157909e-06
0.33148350713816943,0.0008888841527486613,rs695591,28811329,cc,343,0.08454810495626822,1.0108143986420603e-24
0.3280367376783253,0.0009004907097639552,rs695625,28814890,cc,343,0.08454810495626822,4.6737946085907704e-24
0.45825804898129985,0.002755199587496723,rs16986398,28815629,cc,343,0.0058309037900874635,1.1404760059369062e-16
0.44539601322284417,0.009303040662728869,rs16986420,28827214,cc,343,0.08746355685131195,5.497884796192977e-06
0.2853444759536942,0.00036701280092117823,rs695388,28833502,cc,343,0.2303206997084548,5.0680752189162046e-39
0.32324983074269764,0.000621012248477557,rs17412920,28834531,cc,343,0.11661807580174927,1.443279742892513e-31
0.3256025405856445,0.005998365421112259,rs9613613,28836928,cc,343,0.0058309037900874635,3.35075771213458e-05
0.46906396732626965,0.010760231591981783,rs16986431,28837904,cc,343,0.07580174927113703,8.460860178914591e-06
0.4670237306120263,0.0035978589770513003,rs9625475,28841839,cc,343,0.0029154518950437317,8.313611967027586e-14
0.3771256196100955,0.00617286923157628,rs5762632,28847006,cc,343,0.0029154518950437317,2.375174688107105e-06
0.3167096815526806,0.000551419191606547,rs9613617,28847896,cc,343,0.13994169096209913,1.5434032928078594e-33
0.4567995056159668,0.0036868627028817666,rs9625477,28858248,cc,343,0.0029154518950437317,4.767409332010411e-13
0.45825804898129985,0.002755199587496723,rs12166475,28860167,cc,343,0.0058309037900874635,1.1404760059369062e-16
0.4586784148184978,0.008949119309810384,rs35286648,28861979,cc,343,0.0058309037900874635,1.890435394723684e-06
0.3234054024922134,0.0006236226064294059,rs9613630,28871570,cc,343,0.11661807580174927,1.7333313987773756e-31
0.32175686095912204,0.0006209415492166512,rs5762656,28877335,cc,343,0.119533527696793,2.4205814347164975e-31
0.2962679945348364,0.0004476071064915422,rs695318,28882973,cc,343,0.1836734693877551,1.558974006739698e-35
0.30558805251937,0.0006711916722061298,rs2346397,28886805,cc,343,0.12244897959183673,3.566964819792128e-27
0.2914172322603733,0.00043801004473859045,rs695567,28889735,cc,343,0.1924198250728863,3.16416393539185e-35
0.3811718244263265,0.003636714427488515,rs5762664,28900001,cc,343,0.0058309037900874635,8.122872494677066e-10
0.5005497200839601,0.011621262782994066,rs16986489,28900677,cc,343,0.06997084548104957,4.89752840221003e-06
0.5430034887632343,0.010119070842494934,rs9608689,28915317,cc,343,0.07871720116618076,1.2625655635004705e-07
0.43183769369826475,0.00260890409511542,rs2144922,28923317,cc,343,0.011661807580174927,8.216558179258559e-16
0.4567995056159668,0.0036868627028817666,rs16986509,28943477,cc,343,0.0029154518950437317,4.767409332010411e-13
0.3069256587707553,0.0003284064964186827,rs2180460,28964174,cc,343,0.2303206997084548,3.719588057312339e-47
0.32884251854839663,0.0008939833150275155,rs1125250,28984447,cc,343,0.08746355685131195,2.7094324803550422e-24
0.3435939275976797,0.0019531982393550112,rs738748,28993183,cc,343,0.023323615160349854,8.983952504737978e-14
0.4141164147317128,0.007511878178780086,rs16986548,29001380,cc,343,0.0029154518950437317,2.6319938480648837e-06
0.379862072538072,0.00699040334000918,rs5762713,29001789,cc,343,0.0029154518950437317,7.688498640237282e-06
0.4506686599202726,0.002775369758320737,rs7293232,29015590,cc,343,0.0058309037900874635,4.0346827650196645e-16
0.4506686599202726,0.002775369758320737,rs7289534,29016057,cc,343,0.0058309037900874635,4.0346827650196645e-16
0.4932983294966138,0.012179459813641868,rs4638900,29033458,cc,343,0.06705539358600583,1.0657835278918848e-05
0.4506686599202726,0.002775369758320737,rs12165893,29033545,cc,343,0.0058309037900874635,4.0346827650196645e-16
0.4506686599202726,0.002775369758320737,rs9625520,29037864,cc,343,0.0058309037900874635,4.0346827650196645e-16
0.45222860337026527,0.0037622031818635776,rs1474961,29039427,cc,343,0.0029154518950437317,1.269531724899968e-12
0.3055301059263149,0.0005415913055803668,rs5762730,29039615,cc,343,0.1457725947521866,3.6419864572541104e-32
0.4506686599202726,0.002775369758320737,rs9625524,29052951,cc,343,0.0058309037900874635,4.0346827650196645e-16
0.3203442888027139,0.0006038815207581736,rs5762736,29053003,cc,343,0.12244897959183673,8.20983923853396e-32
0.4506686599202726,0.002775369758320737,rs9620811,29058409,cc,343,0.0058309037900874635,4.0346827650196645e-16
0.32884251854839663,0.0008939833150275155,rs4035540,29087041,cc,343,0.08746355685131195,2.7094324803550422e-24
0.3055301059263149,0.0005415913055803668,rs9625533,29088590,cc,343,0.1457725947521866,3.6419864572541104e-32
0.379862072538072,0.00699040334000918,rs17507045,29092181,cc,343,0.0029154518950437317,7.688498640237282e-06
0.3044225888129196,0.0006916648323739069,rs1547014,29100711,cc,343,0.12244897959183673,2.2731993066099532e-26
0.40494275456258344,0.0023991008376412558,rs743185,29103217,cc,343,0.01749271137026239,3.067341340744897e-15
0.39633488899091507,0.008011919666611685,rs2073326,29105527,cc,343,0.0029154518950437317,1.2821831171279567e-05
0.3888605498537336,0.0011959396793052109,rs2073327,29105558,cc,343,0.04081632653061224,3.569087695889479e-25
0.40229411435442575,0.002127595728193348,rs1884816,29106733,cc,343,0.02040816326530612,1.2147506377803743e-16
0.4288596479762528,0.006521572010277438,rs6005843,29108444,cc,343,0.0029154518950437317,1.9723926494745457e-07
0.3101764422944438,0.0005468779703727114,rs5762758,29109036,cc,343,0.14868804664723032,1.1104742914780054e-32
0.40229411435442575,0.002127595728193348,rs5752777,29110002,cc,343,0.02040816326530612,1.2147506377803743e-16
0.3034049822747725,0.0007935326324734125,rs738722,29130012,cc,343,0.11078717201166181,1.732391147128653e-23
0.3034049822747725,0.0007935326324734125,rs1033667,29130300,cc,343,0.11078717201166181,1.732391147128653e-23
0.5022377431927492,0.02621633577880955,rs1805129,29130458,cc,343,0.03206997084548105,0.0020830232872007266
0.3935998662554021,0.008267390471025897,rs17878936,29132338,cc,343,0.0029154518950437317,1.971219446323516e-05
0.48318696063583755,0.022124475967470077,rs17882647,29132640,cc,343,0.037900874635568516,0.0012753427584060826
0.316549199096749,0.0005375195610121967,rs5762764,29132990,cc,343,0.1457725947521866,3.530553358983968e-34
0.4064860219514904,0.008501497981398026,rs17508019,29134338,cc,343,0.09620991253644315,1.3950887587702689e-05
0.3873463372314742,0.0015646242706333924,rs5762766,29135889,cc,343,0.03498542274052478,4.022260824906248e-20
0.37330672492122796,0.0025280926541436403,rs5762767,29141241,cc,343,0.01749271137026239,9.079006541594433e-13
0.6687033786229843,0.14693888456181103,rs17885263,29141930,cc,343,0.0058309037900874635,0.08197435536712322
0.39369921118191903,0.0015915640344641847,rs714191,29145411,cc,343,0.03206997084548105,2.2330376642673323e-20
0.4184067962073902,0.00729055740744584,rs5997391,29145539,cc,343,0.0029154518950437317,1.4804140972679953e-06
0.3961160108431566,0.0016145809636613517,rs5752785,29146503,cc,343,0.03206997084548105,2.421507697754844e-20
0.32418954705106573,0.0004490524778457277,rs5752791,29153547,cc,343,0.15743440233236153,1.2843160939551458e-40
0.3423890957809128,0.0016879937253190408,rs5752792,29153759,cc,343,0.04081632653061224,1.9286884909216196e-15
0.40049651383026763,0.010934569451203014,rs6005861,29154237,cc,343,0.0029154518950437317,0.00015242087224756287
0.3236242323853632,0.0004844115714410252,rs6005863,29156448,cc,343,0.14868804664723032,2.8524302951534543e-38
0.3236242323853632,0.0004844115714410252,rs6005864,29157487,cc,343,0.14868804664723032,2.8524302951534543e-38
0.3462613468619729,0.0008497997743183403,rs5752793,29160314,cc,343,0.07580174927113703,1.7732795910043713e-27
0.42642117033057403,0.003269507959437952,rs6005868,29165766,cc,343,0.0029154518950437317,7.320726404005484e-13
0.514138176770675,0.0066394007942192565,rs5997400,29167222,cc,343,0.11661807580174927,8.652953404962737e-10
0.42642117033057403,0.003269507959437952,rs2235432,29169420,cc,343,0.0029154518950437317,7.320726404005484e-13
0.3516083005556975,0.0007701652318902049,rs5762784,29171298,cc,343,0.08454810495626822,1.998612116220097e-30
0.39645825950882174,0.010521625337454816,rs5997401,29171335,cc,343,0.0029154518950437317,0.00013289140939239192
0.3516083005556975,0.0007701652318902049,rs5762788,29174770,cc,343,0.08454810495626822,1.998612116220097e-30
0.39645825950882174,0.010521625337454816,rs2206061,29175873,cc,343,0.0029154518950437317,0.00013289140939239192
0.3489540998962347,0.0007627910188825847,rs2347447,29179739,cc,343,0.08454810495626822,2.7074495500388567e-30
0.3505280350782929,0.0007553657296692013,rs5762795,29182500,cc,343,0.08454810495626822,9.618206441559933e-31
0.3502065673169812,0.0007477062275595876,rs6005881,29183133,cc,343,0.08454810495626822,6.043430876049469e-31
0.37286832272054016,0.0025002690424384437,rs1222,29185113,cc,343,0.01749271137026239,7.349854460653397e-13
0.514138176770675,0.0066394007942192565,rs5997404,29189446,cc,343,0.11661807580174927,8.652953404962737e-10
0.3505280350782929,0.0007553657296692013,rs2239815,29192670,cc,343,0.08454810495626822,9.618206441559933e-31
0.3489540998962347,0.0007627910188825847,rs3788409,29198151,cc,343,0.08454810495626822,2.7074495500388567e-30
0.4258970136992062,0.003222697920700575,rs12168849,29202063,cc,343,0.0029154518950437317,5.464166168909129e-13
0.3752083312222372,0.0024669293249341123,rs5762814,29203964,cc,343,0.01749271137026239,3.883527909951094e-13
0.39645825950882174,0.010521625337454816,rs9625575,29204886,cc,343,0.0029154518950437317,0.00013289140939239192
0.3752083312222372,0.0024669293249341123,rs5762816,29206209,cc,343,0.01749271137026239,3.883527909951094e-13
0.35061107463634855,0.0007722128089721068,rs7287806,29213011,cc,343,0.08163265306122448,3.155868520901897e-30
0.35061107463634855,0.0007722128089721068,rs763073,29215542,cc,343,0.08163265306122448,3.155868520901897e-30
0.5081123918451884,0.007258410933761395,rs6005907,29227971,cc,343,0.10787172011661808,6.139955713035635e-09
0.37077680934038326,0.0018613285681508677,rs5762829,29228130,cc,343,0.023323615160349854,3.0404656396272015e-16
0.37077680934038326,0.0018613285681508677,rs5762839,29231447,cc,343,0.023323615160349854,3.0404656396272015e-16
0.39630541483448334,0.0012848412202757118,rs6005915,29233262,cc,343,0.026239067055393587,1.684705785578469e-24
0.3734421717740719,0.0011127006988134948,rs7287124,29239157,cc,343,0.043731778425655975,5.360639636317802e-25
0.37124891192992193,0.0025037925262959802,rs5762857,29247097,cc,343,0.01749271137026239,9.39029266281076e-13
0.4849892294470764,0.0052420934399683575,rs6005922,29251926,cc,343,0.1457725947521866,8.670475907335351e-11
0.39645825950882174,0.010521625337454816,rs6005923,29252365,cc,343,0.0029154518950437317,0.00013289140939239192
0.3741978945132882,0.0013766739024622134,rs5762862,29252732,cc,343,0.037900874635568516,4.116369120366817e-21
0.3734421717740719,0.0011127006988134948,rs5762864,29253364,cc,343,0.043731778425655975,5.360639636317802e-25
0.3750491512088723,0.0013965907050091473,rs10222249,29257147,cc,343,0.037900874635568516,6.0623937433142995e-21
0.3513104552026619,0.0012246484307104045,rs10154819,29258551,cc,343,0.04081632653061224,5.919594475652467e-21
0.3517103617325302,0.0007446198569219152,rs5762870,29261159,cc,343,0.08454810495626822,2.966697266598161e-31
0.36239125091146474,0.0009636960836691067,rs8141529,29269692,cc,343,0.0641399416909621,9.948352589502797e-27
0.34877634792378265,0.0007343599666808171,rs6519766,29269991,cc,343,0.08746355685131195,3.487697618025387e-31
0.37124891192992193,0.0025037925262959802,rs13058031,29273966,cc,343,0.01749271137026239,9.39029266281076e-13
0.34877634792378265,0.0007343599666808171,rs7287918,29281710,cc,343,0.08746355685131195,3.487697618025387e-31
0.34916126346128173,0.001485097486564961,rs5762879,29286180,cc,343,0.043731778425655975,1.0209231052822246e-17
0.34877634792378265,0.0007343599666808171,rs2064261,29287730,cc,343,0.08746355685131195,3.487697618025387e-31
0.34877634792378265,0.0007343599666808171,rs9620841,29290981,cc,343,0.08746355685131195,3.487697618025387e-31
0.3510506925607637,0.000741862682714776,rs132531,29297365,cc,343,0.08454810495626822,2.9742248458660765e-31
0.3653988242585196,0.0009759275634039267,rs132534,29299806,cc,343,0.061224489795918366,8.206198581743512e-27
0.37620477820185894,0.002036522913471347,rs16986825,29300306,cc,343,0.02040816326530612,1.8913163917917528e-15
0.3681390820426601,0.0009957088340272102,rs132539,29304253,cc,343,0.05830903790087463,1.0554704482802152e-26
0.3791215837723281,0.0020300809832370526,rs739196,29311271,cc,343,0.02040816326530612,1.092023213525312e-15
0.3984497745985961,0.007338224144974674,rs5762893,29314636,cc,343,0.0029154518950437317,4.719903473637041e-06
0.3984497745985961,0.007338224144974674,rs9625645,29318299,cc,343,0.0029154518950437317,4.719903473637041e-06
0.3001949873470399,0.0003968401437576707,rs132549,29318724,cc,343,0.20408163265306123,1.0356250421489987e-39
0.44682036900862343,0.0038414977669832926,rs132550,29321008,cc,343,0.0058309037900874635,3.634911098969546e-12
0.457683378326723,0.003812767846996275,rs132554,29325923,cc,343,0.0058309037900874635,9.839563245418068e-13
0.3984497745985961,0.007338224144974674,rs5762900,29327907,cc,343,0.0029154518950437317,4.719903473637041e-06
0.3984497745985961,0.007338224144974674,rs7290364,29333123,cc,343,0.0029154518950437317,4.719903473637041e-06
0.4541329208531975,0.0037571563979558694,rs132556,29334600,cc,343,0.0058309037900874635,1.005081173522425e-12
0.42360826781968913,0.0072777512160637796,rs5762906,29338235,cc,343,0.0029154518950437317,1.0835511103327478e-06
0.40015253217969304,0.018062604655205636,rs17517292,29342963,cc,343,0.04664723032069971,0.003114521694311312
0.42360826781968913,0.0072777512160637796,rs5752839,29345890,cc,343,0.0029154518950437317,1.0835511103327478e-06
0.3736087316403895,0.002042214582430321,rs13056243,29349306,cc,343,0.02040816326530612,3.0685862554701847e-15
0.40914553130503356,0.008230901549766809,rs9625657,29349667,cc,343,0.0029154518950437317,8.9306896441735e-06
0.3736087316403895,0.002042214582430321,rs16986864,29350911,cc,343,0.02040816326530612,3.0685862554701847e-15
0.3736087316403895,0.002042214582430321,rs4055,29352495,cc,343,0.02040816326530612,3.0685862554701847e-15
0.24682885917568642,0.049237318978124056,rs16986871,29354738,cc,343,0.01749271137026239,0.26676097231099033
0.4547763783000937,0.003755446326443899,rs5762916,29358219,cc,343,0.0058309037900874635,9.285404586629891e-13
0.3035899745403466,0.0003456364371422893,rs4822998,29360297,cc,343,0.23323615160349853,1.0064324747347423e-44
0.3040382789534889,0.0003461187958155742,rs2213645,29361159,cc,343,0.23323615160349853,8.952212490832063e-45
0.4441859400876688,0.006654626895821432,rs5762919,29363344,cc,343,0.0029154518950437317,9.907034175256287e-08
0.450522229660637,0.0034131786304915984,rs5762924,29368935,cc,343,0.0058309037900874635,1.3700023833861817e-13
0.3267624351998029,0.0006085812137305326,rs5762925,29369398,cc,343,0.13119533527696792,1.3015356054303852e-32
0.33370760767964613,0.0006726758573328839,rs13055470,29371761,cc,343,0.11370262390670553,3.6062482572724697e-31
0.3095202785641117,0.0007387503248558343,rs10854810,29375026,cc,343,0.11078717201166181,1.0867257141883263e-25
0.3361583468769346,0.0006990722914131818,rs17518058,29378610,cc,343,0.10495626822157435,1.3606286203959262e-30
0.5823402122345994,0.0360700162555405,rs5762930,29378708,cc,343,0.023323615160349854,0.002340479775826187
0.5558715485075886,0.04145262038778643,rs16986925,29378887,cc,343,0.02040816326530612,0.006656839987968549
0.4488228216791534,0.024118718897251944,rs8140640,29379557,cc,343,0.03498542274052478,0.004098359288471224
0.5823402122345994,0.0360700162555405,rs5762931,29379731,cc,343,0.023323615160349854,0.002340479775826187
0.4488228216791534,0.024118718897251944,rs4823000,29379891,cc,343,0.03498542274052478,0.004098359288471224
0.31142523157956215,0.00037823036183034635,rs5762936,29381377,cc,343,0.2099125364431487,1.85114602803439e-43
0.5558715485075886,0.04145262038778643,rs5762938,29382386,cc,343,0.02040816326530612,0.006656839987968549
0.4488228216791534,0.024118718897251944,rs12627758,29382831,cc,343,0.03498542274052478,0.004098359288471224
0.5558715485075886,0.04145262038778643,rs11912198,29387370,cc,343,0.02040816326530612,0.006656839987968549
0.3169489775845189,0.00039259293616088453,rs5762942,29390049,cc,343,0.19533527696793002,2.1612299603797474e-43
0.3267535667994279,0.0006411661176455904,rs10483152,29395969,cc,343,0.119533527696793,2.594511279918487e-31
0.4185775903799398,0.0018982085284967515,rs8142788,29400515,cc,343,0.023323615160349854,1.6692281238719902e-19
0.4158437124681417,0.005196152373542479,rs5997427,29402539,cc,343,0.0029154518950437317,1.7878509233063858e-08
0.3227432160092777,0.0004903160561544471,rs9613768,29402832,cc,343,0.1457725947521866,9.122706323584128e-38
0.42459185938153277,0.019239054922348207,rs16986951,29404706,cc,343,0.043731778425655975,0.0023796666312237468
0.2902438636114165,0.00033963390352735893,rs4140643,29408419,cc,343,0.24198250728862974,2.0858458895149657e-42
0.2852024554452496,0.0003876746157921539,rs7290304,29408594,cc,343,0.22157434402332363,2.0613792217643486e-37
0.2782206703734751,0.0003678383755073449,rs17440734,29409966,cc,343,0.24198250728862974,1.6994060960727667e-37
0.28856095238113577,0.00033448660747910976,rs4823002,29410104,cc,343,0.2478134110787172,1.6033847112551028e-42
0.2852024554452496,0.0003876746157921539,rs4823003,29410232,cc,343,0.22157434402332363,2.0613792217643486e-37
0.2804742890304335,0.00035943179852730044,rs2064084,29412257,cc,343,0.24198250728862974,1.2622251424823139e-38
0.29897892635340395,0.00035121877042059487,rs2347790,29414001,cc,343,0.22448979591836735,3.2049531914514014e-43
0.3010056968531084,0.00036190936467463076,rs9613777,29420482,cc,343,0.21574344023323616,1.0649514952653191e-42
0.5558715485075886,0.04145262038778643,rs16986990,29420815,cc,343,0.02040816326530612,0.006656839987968549
0.5558715485075886,0.04145262038778643,rs8137391,29422227,cc,343,0.02040816326530612,0.006656839987968549
0.41423208447726956,0.005806636750426422,rs17519961,29424920,cc,343,0.0029154518950437317,1.0380590252657019e-07
0.34011963522899336,0.0007805910117658832,rs11703054,29427329,cc,343,0.09037900874635568,1.4340634648946276e-28
0.2871329468917203,0.0003652564577618638,rs5997433,29429369,cc,343,0.23323615160349853,1.565471361621255e-39
0.33012094753019433,0.004975859148785575,rs8140401,29429955,cc,343,0.008746355685131196,4.141665734350266e-06
0.29070460593762026,0.0003274955506491416,rs8137254,29429997,cc,343,0.239067055393586,1.1614684949716471e-43
0.3196847427884415,0.0004834772684269434,rs9613782,29434105,cc,343,0.14868804664723032,1.2669776706406806e-37
0.3024440535548253,0.0003701556743110035,rs9613785,29439201,cc,343,0.21282798833819241,2.724622197571967e-42
0.2957232356264908,0.0003384655957812192,rs713834,29440692,cc,343,0.23615160349854228,1.0563442941808817e-43
0.3014111200535446,0.0003638569489262752,rs727892,29443709,cc,343,0.21574344023323616,1.292875462856135e-42
0.30170302710875185,0.00036737740605963514,rs6005967,29446975,cc,343,0.21282798833819241,2.2545462122729114e-42
0.29515387492958506,0.0005173919838970966,rs2294239,29449477,cc,343,0.15451895043731778,1.3876632896531464e-31
0.30516454061532083,0.0005268753899408761,rs2179129,29450923,cc,343,0.14285714285714285,8.444612771824075e-33
0.2963352383418259,0.0004628748735479642,rs4823006,29451671,cc,343,0.17201166180758018,1.2118262942037649e-34
0.27835254741046567,0.00035824823320267926,rs3178915,29453027,cc,343,0.24489795918367346,2.792416456067798e-38
0.28199165833022055,0.00035928936558555775,rs6005975,29454477,cc,343,0.239067055393586,5.948002524827893e-39
0.41878078523056395,0.036548796304391694,rs2072775,29454778,cc,343,0.023323615160349854,0.029160047846826666
0.4832091142292804,0.01072084550241925,rs9625679,29456699,cc,343,0.07580174927113703,4.397870574967697e-06
0.3263298165508913,0.0005238132567502116,rs6005977,29456733,cc,343,0.13994169096209913,1.586998323024061e-36
0.5127215660349169,0.012708278915914641,rs11703010,29457141,cc,343,0.0029154518950437317,7.523346193490135e-06
0.35018296759864465,0.0014062761564272125,rs134557,29457582,cc,343,0.043731778425655975,1.2865080621048343e-18
0.29589651905345493,0.00037482762823880245,rs134558,29457622,cc,343,0.22157434402332363,1.472776987976061e-40
0.36318225125062853,0.0010195025236119997,rs134559,29458441,cc,343,0.05830903790087463,1.2144425215799255e-25
0.4269382105701046,0.0063622091204077105,rs16987014,29458788,cc,343,0.0058309037900874635,1.5930614860195412e-07
0.3755105823321765,0.001500551874244623,rs134560,29458845,cc,343,0.03498542274052478,8.601902138879215e-20
0.31205213137187005,0.000730659475996096,rs760628,29459732,cc,343,0.11370262390670553,2.943434855424139e-26
0.312537273192575,0.0007060018860547043,rs783,29461622,cc,343,0.11078717201166181,4.7096626805248075e-27
0.28950945496724184,0.0003563299839349463,rs134583,29465677,cc,343,0.22448979591836735,9.055112883381033e-41
0.28952266037901186,0.00036622771196760233,rs134585,29465869,cc,343,0.21865889212827988,6.02687032286798e-40
0.2897040745167043,0.00037357798000387904,rs134591,29466835,cc,343,0.21574344023323616,2.1565769235157272e-39
0.33397225269384656,0.0010339256124699907,rs134592,29467221,cc,343,0.05830903790087463,3.8027253976554906e-22
0.3161043930605364,0.0007302192895433863,rs134594,29468456,cc,343,0.10204081632653061,8.121961221786889e-27
0.3274635384953013,0.0009983699484232402,rs134596,29470115,cc,343,0.0641399416909621,4.5546981627821165e-22
0.3116781893175996,0.0007176200265068195,rs134605,29474277,cc,343,0.10787172011661808,1.3790614062792926e-26
0.3116781893175996,0.0007176200265068195,rs134607,29475124,cc,343,0.10787172011661808,1.3790614062792926e-26
0.3116781893175996,0.0007176200265068195,rs134609,29475583,cc,343,0.10787172011661808,1.3790614062792926e-26
0.3116781893175996,0.0007176200265068195,rs20037,29477841,cc,343,0.10787172011661808,1.3790614062792926e-26
0.3273636834019204,0.0009757452298377018,rs134636,29482221,cc,343,0.06705539358600583,1.8008118222396585e-22
0.3116781893175996,0.0007176200265068195,rs134637,29482676,cc,343,0.10787172011661808,1.3790614062792926e-26
0.2887734828371237,0.0003674945145496435,rs134651,29485708,cc,343,0.22157434402332363,1.0905421740742963e-39
0.3273636834019204,0.0009757452298377018,rs713861,29485794,cc,343,0.06705539358600583,1.8008118222396585e-22
0.4038832584658995,0.0065823875400823585,rs7289560,29486264,cc,343,0.0058309037900874635,1.019954378835335e-06
0.4881199183679336,0.017834128030358564,rs17443175,29488644,cc,343,0.04664723032069971,0.00029744554567072315
0.39853755198711976,0.006947897532433254,rs1540900,29490148,cc,343,0.0058309037900874635,2.5925462471315276e-06
0.3273636834019204,0.0009757452298377018,rs134657,29490497,cc,343,0.06705539358600583,1.8008118222396585e-22
0.3231056831809468,0.0003891072341256726,rs134661,29491706,cc,343,0.18658892128279883,6.339911094344667e-45
0.41234227241608024,0.006398028085388838,rs7287223,29491780,cc,343,0.0058309037900874635,4.297977997592745e-07
0.41234227241608024,0.006398028085388838,rs10483154,29492258,cc,343,0.0058309037900874635,4.297977997592745e-07
0.35593945220752293,0.0013046533069606054,rs2205771,29494593,cc,343,0.04664723032069971,2.4923632246855178e-20
0.28881543766143936,0.0003624230430225499,rs134665,29495079,cc,343,0.22448979591836735,4.109648504873505e-40
0.334833502861808,0.001019877206764042,rs134666,29495254,cc,343,0.061224489795918366,1.7350104301886842e-22
0.41234227241608024,0.006398028085388838,rs12628787,29495373,cc,343,0.0058309037900874635,4.297977997592745e-07
0.37107020759704995,0.0020276571609523534,rs5752866,29498118,cc,343,0.023323615160349854,3.698584163823053e-15
0.41234227241608024,0.006398028085388838,rs16987083,29499083,cc,343,0.0058309037900874635,4.297977997592745e-07
0.4038832584658995,0.0065823875400823585,rs16987084,29499108,cc,343,0.0058309037900874635,1.019954378835335e-06
0.28776539254209227,0.00037299886841861646,rs126077,29502728,cc,343,0.22157434402332363,4.8279344620162616e-39
0.28776539254209227,0.00037299886841861646,rs134678,29503955,cc,343,0.22157434402332363,4.8279344620162616e-39
0.42070194829032115,0.005790841693453063,rs8135301,29504442,cc,343,0.0058309037900874635,6.421313063354171e-08
0.4038832584658995,0.0065823875400823585,rs12628129,29509304,cc,343,0.0058309037900874635,1.019954378835335e-06
0.2876231962736847,0.00037968600849543944,rs134688,29511517,cc,343,0.21865889212827988,1.7038217869638995e-38
0.2876231962736847,0.00037968600849543944,rs134689,29511620,cc,343,0.21865889212827988,1.7038217869638995e-38
0.30133626006761827,0.00047758220365576293,rs5752867,29513729,cc,343,0.16034985422740525,1.0593389083030904e-34
0.2892639569466874,0.0005632224353942935,rs132274,29525126,cc,343,0.14285714285714285,1.2615356424781243e-28
0.29130116475930745,0.0005641909070098955,rs132275,29526197,cc,343,0.13994169096209913,6.619799258205217e-29
0.28592606498855555,0.005151731587041532,rs12166946,29528417,cc,343,0.011661807580174927,8.296793567235186e-05
0.2904698249371605,0.0005460575450871492,rs132277,29532951,cc,343,0.1457725947521866,1.583956289812003e-29
0.3445335609032149,0.0013667451180341078,rs17444498,29535810,cc,343,0.03498542274052478,1.4810787213585418e-18
0.3445335609032149,0.0013667451180341078,rs17451053,29537124,cc,343,0.03498542274052478,1.4810787213585418e-18
0.3445335609032149,0.0013667451180341078,rs713728,29538468,cc,343,0.03498542274052478,1.4810787213585418e-18
0.3548636382812381,0.006691140419307023,rs12485095,29540198,cc,343,0.008746355685131196,1.893115420980194e-05
0.3074366026200547,0.0007286939477790342,rs6006029,29540297,cc,343,0.10495626822157435,1.0766434033528148e-25
0.38060630270152584,0.0012706737321239827,rs132280,29540920,cc,343,0.04664723032069971,3.688452941656255e-23
0.3467335096679926,0.009531559615559628,rs2301445,29542865,cc,343,0.0058309037900874635,0.00043670858538899363
0.3467335096679926,0.009531559615559628,rs2301446,29542915,cc,343,0.0058309037900874635,0.00043670858538899363
0.314054992594337,0.0013679907721356232,rs730517,29550379,cc,343,0.052478134110787174,6.33986880514477e-16
0.3577213122214862,0.007428275857431427,rs132294,29553955,cc,343,0.0058309037900874635,4.192008089289118e-05
0.31718225917902376,0.0027624609833081693,rs469983,29554183,cc,343,0.023323615160349854,4.139901686539904e-09
0.27400726841709266,0.002314594077808541,rs132304,29556739,cc,343,0.03498542274052478,2.6541155721791677e-08
0.3728064530618357,0.007396053301211882,rs713924,29563884,cc,343,0.0029154518950437317,1.9200268634804925e-05
0.37245695139418156,0.00719675231761961,rs132323,29567431,cc,343,0.0029154518950437317,1.5098685882342897e-05
0.37245695139418156,0.00719675231761961,rs469984,29567665,cc,343,0.0029154518950437317,1.5098685882342897e-05
0.34660499116802,0.0034499173003838964,rs132328,29568785,cc,343,0.014577259475218658,8.693122552139793e-09
0.3802046344914577,0.0026027592844236067,rs5997451,29568963,cc,343,0.02040816326530612,7.568440502622071e-13
0.37907176384037866,0.008564467232570226,rs11090561,29572766,cc,343,0.0029154518950437317,5.249847235750699e-05
